ID,Gender,age_dual,Region,ach_dual,Grade_level,Ach,Classroom,Intend1,Intend2,Intend3,Intend4,Intend5,Intend6,Intend7,Intend8,Intend9,Intend10,ATLE1,ATLE2,ATLE3,ATLE4,ATLE5,Ought1,Ought2,Ought3,Ought4,Ought5,Ought6,Ought7,Ought8,Ought9,Ought10,Parent1,Parent2,Parent3,Parent4,Parent5,Parent6,Parent7,Parent8,Parent9,Parent10,Parent11,Prev1,Prev2,Prev3,Prev4,Prev5,Prev6,Prev7,Prev8,Prom1,Prom2,Prom3,Prom4,Prom5,Prom6,Prom7,Prom8,Prom9,Prom10,Prom11,Prom12,Prom13,Prom14,Feared1,Feared2,Feared3,Feared4,Neg1,Neg2,Audit1,Audit2,Audit3,Audit4,Audit5,Visual1,Visual2,Visual3,Visual4,Visual5,Comm1,Comm2,Comm3,Comm4,Culture1,Culture2,Culture3,Culture4,Ideal1,Ideal2,Ideal3,Ideal4,Ideal5,Ideal6,Ideal7,Ideal8,Ideal9,Ideal10,Conf1,Conf2,Conf3,Conf4,iCapa1,iCapa2,iCapa3,iCapa4,iCapa5,Ease1,Ease2,Ease3,Ease4,Ease5,Vivid1,Vivid2,Vivid3,Vivid4,Vivid5,Pos1,Pos2,Pos3
1,2,1,2,2,2,93,1,6,6,1,6,5,2,6,6,4,6,6,5,4,5,4,5,6,6,6,6,7,4,6,6,3,5,4,5,5,2,2,5,5,5,1,7,3,5,7,6,4,6,7,6,6,6,5,5,6,6,6,4,3,2,5,6,5,5,7,6,6,5,5,5,5,7,6,6,7,6,6,3,7,7,7,4,4,6,7,6,3,4,3,3,3,4,4,2,4,5,4,2,5,7,6,3,4,3,2,1,6,3,2,3,4,4,3,2,1,2,1,4,3,3
2,1,1,2,1,2,37,1,4,3,4,2,4,1,4,4,4,4,4,4,4,3,4,2,4,3,4,4,4,4,4,4,4,4,2,4,4,4,4,4,4,4,3,4,4,1,2,4,4,4,4,4,4,4,4,4,4,4,4,5,4,4,4,4,4,4,1,4,4,4,4,4,1,4,4,4,4,3,5,4,2,3,4,3,4,4,4,4,3,1,4,4,4,4,5,4,4,4,3,4,1,4,4,4,4,4,3,3,4,4,4,1,4,4,4,4,4,4,4,4,3,1
3,2,1,2,2,2,90,1,5,5,3,3,3,3,5,3,3,3,4,4,3,3,3,4,4,3,5,4,4,4,3,4,5,4,3,4,4,3,3,3,3,3,3,5,5,6,5,5,5,3,5,5,5,5,5,5,5,5,5,4,4,3,5,5,4,5,5,3,4,5,3,4,5,5,4,5,5,5,5,5,5,4,5,5,4,5,5,5,4,4,3,4,4,3,4,5,3,4,4,5,4,4,4,2,6,4,6,6,6,3,5,3,4,4,3,4,2,4,4,4,3,4
4,2,1,2,2,2,100,1,4,1,4,4,5,4,4,5,4,3,4,4,4,4,4,1,5,4,4,4,4,1,4,4,4,5,4,4,5,4,1,4,1,4,4,1,1,4,4,5,7,4,4,4,4,4,4,7,4,4,7,4,1,4,5,4,7,4,6,4,1,1,4,1,6,5,4,7,4,5,5,4,1,4,4,4,1,4,4,5,4,1,1,4,4,5,4,1,4,4,1,7,5,4,5,3,4,3,4,4,1,1,4,6,4,4,1,4,4,4,1,4,7,4
5,1,1,2,2,2,100,1,4,3,3,3,1,3,3,3,7,3,5,3,1,1,3,3,3,3,2,3,3,3,4,3,3,3,3,3,3,3,2,3,2,3,3,3,3,4,3,3,3,3,3,3,3,4,3,3,3,3,5,3,3,3,3,3,5,3,6,3,3,4,3,3,5,3,3,6,3,3,5,3,5,3,4,3,2,3,4,7,3,3,3,3,3,3,3,3,2,3,3,2,3,3,3,1,3,5,3,3,3,3,3,1,3,5,4,3,2,3,3,3,2,7
6,1,1,2,2,2,84,1,1,1,4,4,1,1,4,1,4,4,4,2,1,2,2,1,4,4,6,6,4,4,6,4,4,4,4,4,5,4,6,4,4,4,4,4,4,7,4,1,3,4,4,5,6,6,4,7,6,4,6,4,4,1,4,4,6,4,6,5,4,1,4,6,6,4,4,6,4,7,5,4,1,4,7,4,4,4,4,4,1,4,4,4,4,5,6,6,1,4,1,5,1,5,1,6,1,6,4,1,3,1,4,1,1,4,1,4,1,4,1,1,1,4
7,1,1,2,1,2,70,1,4,4,4,4,4,4,4,4,4,4,6,4,4,4,4,4,4,4,2,4,4,4,4,4,6,4,4,4,4,4,2,4,4,4,4,4,4,4,4,4,6,4,4,4,4,4,4,4,4,4,4,4,4,4,4,4,6,4,6,4,4,4,4,4,5,4,4,4,4,4,4,4,4,4,7,4,4,4,4,7,4,4,4,4,4,4,4,4,4,4,4,7,4,4,4,6,4,4,4,4,4,4,4,4,4,6,4,4,4,4,4,4,4,4
8,1,1,2,1,2,40,1,2,2,1,4,2,2,6,2,4,1,4,2,3,4,2,2,2,2,2,2,1,2,2,5,2,3,5,3,3,5,2,4,2,1,1,2,2,2,3,2,3,4,2,3,3,2,6,3,4,4,3,1,2,1,2,4,5,4,3,2,2,3,1,3,4,5,5,4,2,2,3,4,2,2,4,7,4,4,4,5,1,4,2,2,4,2,2,2,2,2,5,2,5,7,6,4,3,5,5,1,2,1,5,5,2,5,2,5,4,3,3,1,3,2
9,1,1,2,1,2,60,1,3,2,2,3,3,3,2,4,2,2,4,4,2,4,3,3,3,4,1,4,3,2,4,3,3,2,2,2,3,3,1,3,2,4,3,3,2,4,4,2,4,4,2,3,6,2,4,3,4,2,3,5,1,3,2,2,4,4,4,3,3,2,3,4,5,2,4,2,4,3,3,4,2,4,4,4,4,3,4,2,1,2,2,2,2,2,2,2,3,4,2,3,4,3,3,2,3,2,4,4,3,2,3,1,6,3,3,2,3,2,2,3,2,3
10,2,1,2,2,2,100,1,5,4,5,4,3,1,4,5,3,5,3,2,1,2,2,2,3,2,2,3,2,2,2,2,3,4,1,2,5,1,2,2,2,1,1,2,2,4,6,4,3,3,2,3,2,2,3,4,2,2,6,4,4,1,5,3,3,2,4,3,2,2,2,1,6,4,5,6,4,6,6,5,6,2,6,3,3,3,7,2,1,2,1,3,2,3,3,3,3,4,3,2,4,5,3,2,5,5,5,3,5,2,3,1,5,5,2,3,2,2,2,2,2,3
11,1,1,2,2,2,99,1,7,7,5,5,7,7,5,5,5,7,7,7,7,7,5,7,5,5,7,7,5,7,7,5,7,5,5,7,5,5,4,5,7,5,5,7,5,7,5,7,7,5,5,5,5,7,5,5,5,5,7,5,7,5,5,5,7,5,5,5,7,7,5,7,7,7,5,7,5,5,5,5,7,5,7,5,7,5,5,7,5,7,5,5,5,5,5,7,7,5,5,7,7,5,5,5,7,5,5,5,7,7,5,7,5,7,7,5,7,5,7,5,7,5
12,1,1,2,1,2,66,1,7,7,4,7,7,4,6,6,7,4,6,7,7,5,6,7,5,7,1,6,2,6,7,7,1,4,2,7,4,7,2,7,4,6,2,2,4,4,6,7,4,4,7,2,7,4,7,7,7,7,7,7,7,7,7,7,7,7,6,7,7,6,2,1,6,6,6,7,7,7,3,4,6,7,7,7,7,7,7,6,7,7,7,7,7,7,7,6,7,7,6,6,7,7,7,6,7,3,7,6,5,6,7,4,7,6,6,7,4,6,6,7,7,6
13,2,1,2,1,2,30,1,5,4,1,1,1,1,1,4,1,1,1,1,1,1,1,1,1,1,1,3,1,3,1,1,1,4,1,1,4,3,1,1,1,1,1,1,1,3,1,1,3,1,1,4,4,4,3,4,4,4,5,1,1,1,4,1,4,4,1,1,1,1,1,1,1,1,1,1,1,1,1,1,1,1,1,1,1,1,1,1,1,1,1,1,1,1,1,1,1,3,1,4,5,3,4,3,1,2,1,1,1,1,1,1,1,1,1,1,1,1,1,1,1,1
14,2,1,2,1,2,70,1,5,3,3,5,4,5,4,4,5,2,4,1,4,4,1,5,6,6,3,6,5,5,4,3,5,4,4,6,5,2,4,6,3,5,6,4,5,6,5,6,7,6,6,3,6,7,1,6,3,4,5,1,1,6,3,5,7,4,6,4,2,5,5,2,4,3,3,6,4,4,5,3,4,1,6,1,2,3,5,3,4,2,3,1,7,2,4,3,3,2,1,6,6,3,2,5,2,4,1,4,4,2,2,5,4,3,3,4,6,6,2,7,6,4
15,1,1,2,1,2,40,1,4,4,4,4,4,4,4,4,4,4,3,4,4,4,4,4,4,4,5,4,4,4,4,4,5,4,4,5,4,4,5,4,4,4,4,4,4,4,4,4,5,4,4,4,4,4,4,4,4,4,4,4,4,4,4,4,5,4,7,4,4,4,4,4,5,4,4,4,4,4,4,4,4,4,5,4,4,4,4,7,4,4,4,4,4,4,4,4,4,4,4,5,4,4,4,4,4,7,4,4,4,4,4,1,4,5,4,4,1,4,4,4,4,4
16,1,1,2,1,2,50,1,4,2,1,7,1,6,2,1,5,5,1,1,1,1,6,4,1,4,5,5,3,1,4,3,7,7,5,3,7,3,5,4,4,2,4,1,7,1,3,1,5,7,3,4,4,1,4,4,5,7,4,3,4,5,7,4,5,4,5,1,1,1,7,1,1,1,3,7,2,4,1,7,1,5,7,3,1,7,7,1,1,1,5,1,1,7,1,4,5,5,1,7,1,4,3,2,7,7,2,5,5,4,2,1,3,1,7,7,1,5,7,1,1,1
17,1,1,2,2,2,100,1,7,7,7,7,7,2,7,7,7,5,7,7,7,7,1,5,7,7,3,7,7,6,7,7,6,6,1,7,5,7,1,7,4,7,7,1,7,7,7,6,7,7,7,7,4,7,7,7,7,7,7,7,7,4,7,7,7,7,7,7,5,5,7,1,6,1,7,7,7,7,7,7,6,7,7,7,7,1,7,7,7,7,7,7,3,7,7,7,6,7,7,7,5,7,7,5,7,5,5,1,7,7,7,7,7,7,7,7,7,3,7,7,7,7
18,1,1,2,1,2,50,1,1,1,1,4,1,1,1,2,4,1,4,1,1,2,1,1,1,1,1,2,1,1,3,1,1,1,1,1,1,1,1,1,1,1,1,1,3,4,1,1,1,1,1,1,1,1,1,1,1,1,5,1,1,1,4,1,1,1,1,1,1,1,1,4,4,7,4,7,4,1,1,4,4,4,4,1,1,4,2,4,1,1,1,1,1,4,1,1,1,4,1,4,6,5,6,1,6,2,7,1,7,1,6,1,1,4,1,1,1,1,1,1,4,1
19,1,1,2,1,2,11,1,1,1,1,1,1,1,1,1,1,1,1,1,1,1,1,1,1,1,1,1,1,1,1,1,1,1,1,1,1,1,1,1,1,1,1,1,1,1,1,1,1,1,1,1,1,1,1,1,1,1,1,1,1,1,1,1,1,1,5,1,1,1,1,1,1,1,1,1,1,1,1,1,1,1,5,1,1,1,1,6,1,1,1,1,1,1,1,1,1,1,1,1,1,1,1,1,1,3,1,1,1,1,1,1,1,1,1,1,1,1,1,1,1,1
20,2,1,2,2,2,80,1,4,3,4,4,2,1,4,4,3,1,5,5,3,2,1,3,4,4,1,3,4,4,3,2,5,4,4,3,5,4,3,3,4,1,1,4,5,6,5,4,6,1,4,4,5,3,5,5,4,1,5,1,2,1,3,4,4,3,6,4,3,2,2,4,5,4,1,4,3,6,3,4,1,3,5,1,1,1,3,4,1,2,1,2,1,3,2,1,2,3,1,4,4,3,3,1,3,4,2,1,1,1,3,1,2,3,1,1,1,2,1,2,1,2
21,1,1,2,2,2,99,1,7,7,7,7,7,7,7,7,7,7,7,7,7,7,7,7,7,7,7,7,7,7,7,7,7,7,7,7,7,7,7,7,7,7,7,7,7,7,7,7,7,7,7,7,7,7,7,7,7,7,7,7,7,7,7,7,7,7,7,7,7,7,7,7,7,7,7,7,7,7,7,7,7,7,7,7,7,7,7,7,7,7,7,7,7,7,7,7,7,7,7,7,7,7,7,7,7,7,7,7,7,7,7,7,7,7,7,7,7,7,7,7,7,7
22,1,1,2,1,2,30,1,1,1,1,1,1,1,1,1,1,1,1,1,1,1,1,1,1,1,1,1,1,1,1,1,1,1,1,1,1,1,1,1,1,1,1,1,1,1,1,1,1,1,1,1,1,1,1,1,1,1,1,1,1,1,1,1,1,1,4,1,1,1,1,1,1,1,1,1,1,1,1,1,1,1,7,1,1,1,1,1,1,1,1,1,1,1,1,1,1,1,1,1,1,1,1,1,1,1,1,1,1,1,1,1,1,1,1,1,1,1,1,1,1,1
23,1,1,2,2,2,78,1,6,7,7,6,5,5,4,6,5,7,5,5,5,5,7,6,6,5,3,6,7,6,6,6,5,6,4,4,6,5,4,5,5,5,5,7,6,5,6,6,6,7,6,4,6,5,2,6,4,6,6,6,4,6,7,6,6,5,7,6,5,6,4,5,6,7,4,7,7,6,5,5,5,6,7,5,6,4,5,7,4,6,5,6,6,7,5,6,5,3,7,6,4,5,5,4,6,5,5,5,5,7,5,3,7,6,5,6,5,6,6,6,5,4
24,2,1,2,1,2,30,1,6,7,2,4,4,5,6,4,5,2,4,4,4,3,6,4,5,6,4,6,4,5,3,1,5,6,5,7,6,3,4,2,3,4,5,5,5,6,6,7,5,6,5,6,2,6,1,6,4,3,4,1,7,7,6,6,5,3,6,6,6,4,5,5,2,5,6,6,4,7,4,4,5,3,6,1,5,3,7,5,4,4,4,4,6,4,5,4,4,5,3,4,5,6,5,2,4,5,2,5,7,2,5,3,1,5,4,3,2,4,2,3,2,3
25,2,1,2,2,2,99,1,6,6,5,5,5,4,6,6,4,6,4,5,6,5,5,4,6,4,4,5,4,6,4,4,5,6,4,5,6,4,2,4,5,4,4,4,5,6,6,6,4,4,6,4,6,7,6,6,5,6,6,6,6,6,7,5,5,5,6,4,4,5,4,2,6,4,5,6,5,7,7,5,6,5,6,7,7,6,7,6,7,7,6,4,7,7,6,6,7,4,7,7,7,7,7,6,5,6,5,5,6,4,3,5,6,3,5,5,4,4,5,6,6,5
26,1,1,2,1,2,60,1,7,7,1,7,1,7,7,7,7,1,7,1,7,7,1,1,1,1,1,1,1,1,7,1,7,7,1,1,7,1,1,1,1,1,1,1,7,7,1,1,7,1,1,1,7,7,7,7,7,7,7,1,1,1,7,1,7,7,1,1,1,1,1,1,7,1,1,1,1,1,1,1,1,1,1,1,1,1,7,7,1,7,1,1,7,1,1,1,7,1,1,7,7,7,7,1,1,1,1,1,1,1,1,1,1,1,1,1,1,1,1,1,1,1
27,1,1,2,1,2,20,2,1,1,1,1,1,1,1,1,1,1,1,1,1,1,1,1,1,1,1,1,1,1,1,1,1,7,1,1,7,1,1,1,1,1,1,1,1,1,1,1,1,1,1,1,1,1,1,1,1,1,1,1,1,1,1,1,1,1,1,1,1,1,1,1,1,1,1,7,1,1,1,1,1,1,1,1,1,1,1,1,1,1,1,1,1,1,1,1,1,1,1,1,1,1,1,1,1,1,1,1,1,1,1,1,1,7,1,1,1,1,1,1,1,1
28,1,1,2,1,2,45,2,4,3,3,4,3,3,5,5,4,4,4,3,3,4,3,2,3,4,4,3,2,3,4,4,5,3,4,3,2,2,3,4,3,2,2,3,4,4,4,3,5,3,3,4,5,5,4,3,5,3,5,4,4,3,3,3,5,4,6,4,3,4,4,4,4,3,4,6,4,3,3,3,3,4,5,4,4,3,4,5,3,2,3,4,3,3,2,3,4,4,3,6,5,5,4,3,3,3,4,3,3,4,3,3,3,4,4,3,3,3,4,4,4,4
29,1,1,2,1,2,30,2,3,2,4,4,5,4,6,4,4,3,1,4,7,7,2,4,4,4,1,7,3,1,7,4,1,4,4,2,5,4,1,4,7,4,3,1,1,3,7,6,7,4,2,6,6,7,4,7,7,4,7,4,1,4,4,4,7,4,7,3,4,1,4,4,7,3,4,7,4,1,4,4,1,4,7,4,5,4,4,7,1,2,7,4,4,7,7,7,7,4,7,3,7,7,7,7,7,4,4,1,4,7,4,7,3,4,4,4,1,2,5,3,3,4
30,1,1,2,2,2,80,2,6,4,7,5,3,4,4,7,4,4,1,4,4,4,4,4,4,7,4,6,7,4,1,7,4,4,1,4,4,7,1,7,4,1,1,7,1,7,7,7,7,7,7,7,4,1,7,1,7,4,7,5,7,4,7,7,7,7,1,4,1,1,7,2,7,4,4,7,7,4,4,5,1,7,7,7,4,7,7,7,4,4,4,5,7,7,7,7,1,7,7,6,7,7,7,7,7,2,7,7,7,1,7,7,7,7,7,5,1,7,4,7,1,4
31,1,1,2,1,2,60,2,4,4,4,4,4,4,4,4,4,4,4,4,4,2,4,4,4,4,4,4,4,4,4,4,4,4,4,4,4,4,4,4,4,4,4,4,4,4,4,4,4,4,4,4,4,4,4,4,4,4,4,4,4,4,4,4,4,4,7,4,4,4,4,4,5,4,4,4,4,4,5,4,4,4,6,4,4,4,4,6,4,4,4,4,4,4,4,4,4,4,4,4,4,4,4,4,4,5,4,4,4,4,4,2,4,4,4,4,4,4,4,4,4,4
32,1,1,2,1,2,70,2,1,1,1,1,3,3,2,5,3,2,1,1,1,5,1,3,3,1,2,4,3,2,5,1,4,3,1,1,3,3,3,1,2,1,1,2,5,6,5,5,4,5,4,5,5,2,4,3,4,4,6,4,3,1,4,5,4,1,7,3,4,2,1,2,3,2,1,1,1,1,1,2,1,1,4,7,1,7,7,7,1,7,7,1,3,7,7,7,7,7,7,5,5,7,3,4,7,2,1,1,5,7,4,3,1,1,2,1,1,2,3,3,1,1
33,1,1,2,1,2,4,2,3,2,2,2,3,2,2,4,3,5,3,5,4,4,4,4,3,4,3,4,4,3,2,4,4,2,4,3,3,3,4,2,3,3,4,4,3,4,3,2,2,3,4,4,3,2,4,4,4,3,4,3,4,4,3,2,4,3,6,2,3,4,4,2,3,4,2,4,2,3,4,2,3,3,2,4,2,4,3,2,2,4,4,3,2,2,3,3,2,3,3,2,2,3,5,3,4,3,4,3,4,4,4,2,2,4,3,3,4,5,3,2,3,3
34,1,1,2,1,2,20,2,2,4,2,4,3,4,4,3,3,4,2,4,2,2,4,4,5,4,5,4,4,4,2,3,2,4,4,4,4,4,4,4,3,4,2,4,2,4,4,4,4,4,4,4,3,3,2,4,4,2,4,4,4,4,4,4,4,4,6,4,4,7,2,4,4,4,4,2,3,2,2,2,3,3,6,4,2,3,4,6,2,5,4,2,4,2,4,4,2,3,4,4,4,4,4,2,4,1,4,3,4,4,2,2,2,2,4,3,2,4,4,4,2,4
35,1,1,2,1,2,45,2,4,4,4,4,4,4,4,4,4,4,4,4,4,5,4,4,4,4,4,4,4,4,4,4,5,3,4,4,4,4,4,4,4,4,4,4,4,4,4,4,5,2,4,4,4,4,2,4,4,4,5,4,4,4,4,4,6,4,4,4,4,4,3,4,4,4,4,5,4,4,4,4,4,4,6,1,2,4,4,6,4,3,4,4,4,2,4,4,4,3,4,5,4,4,4,4,4,4,6,4,4,4,4,4,4,4,4,4,4,4,4,4,4,7
36,1,1,2,1,2,15,2,1,1,1,1,1,1,1,1,1,1,1,1,1,2,1,1,1,1,1,4,1,1,1,1,4,1,1,1,1,1,4,1,4,1,1,1,1,4,1,1,1,1,1,1,1,2,1,1,1,1,2,1,1,1,1,1,1,1,5,1,1,1,1,1,2,1,1,4,1,1,4,1,1,1,4,1,4,1,1,2,1,1,1,1,1,1,1,1,1,1,1,4,2,1,1,1,1,2,1,1,1,1,1,2,1,4,1,1,1,1,1,1,1,1
37,1,1,2,1,2,50,2,4,4,4,4,4,4,4,4,4,4,4,4,4,4,4,4,4,4,4,4,4,4,4,4,4,4,4,4,4,4,4,4,4,4,4,4,4,4,4,4,4,4,4,4,4,4,4,4,4,4,4,4,4,4,4,4,4,4,4,4,4,4,4,4,4,4,4,4,4,4,4,4,4,4,4,4,4,4,4,4,4,4,4,4,4,4,4,4,4,4,4,4,4,4,4,4,4,4,4,4,4,4,4,4,4,4,4,4,4,4,4,4,4,4
38,1,1,2,1,2,40,2,5,4,2,3,4,4,4,4,3,6,3,4,1,3,3,4,4,4,4,4,5,6,6,7,6,6,5,5,6,4,6,4,5,5,4,5,6,6,5,4,6,4,5,4,4,6,3,5,4,4,5,5,4,4,6,5,7,4,1,5,6,6,5,2,4,5,4,7,7,4,6,6,2,3,5,4,2,2,2,5,3,1,3,4,3,4,4,5,3,5,3,6,6,6,3,4,5,5,7,4,4,5,3,4,5,5,4,4,6,5,6,5,6,4
39,1,1,2,1,2,29,2,4,1,1,3,3,1,5,4,4,5,4,1,2,3,1,1,5,1,4,4,1,4,5,4,4,5,2,3,7,5,4,4,4,5,1,1,4,4,4,4,5,4,5,6,5,5,4,4,4,1,6,5,4,5,5,5,4,5,4,4,4,4,4,4,1,7,1,5,1,5,5,2,3,1,5,6,5,5,6,6,4,5,4,1,1,1,1,1,4,1,1,5,4,5,1,4,1,6,1,1,4,5,1,4,1,5,5,1,4,1,1,1,4,1
40,1,1,2,2,2,94,2,5,6,6,6,6,6,6,6,7,5,6,6,6,6,6,6,2,6,2,6,6,2,6,6,6,2,1,3,2,2,2,6,2,2,2,5,6,6,6,6,6,2,2,6,6,6,6,6,6,6,6,2,1,5,6,2,7,6,5,6,7,2,1,2,6,6,6,5,6,5,7,6,6,6,6,6,5,6,6,6,5,5,5,6,6,5,6,5,5,3,6,6,6,6,6,5,6,5,6,6,5,6,6,6,6,6,6,6,7,6,6,7,6,7
41,1,1,2,2,2,89,2,5,6,6,6,4,5,3,4,7,6,2,6,7,4,7,7,7,6,1,2,6,4,3,7,6,6,7,7,7,1,1,1,3,6,7,4,4,7,3,5,7,5,7,7,7,5,1,3,2,2,2,1,7,5,6,6,7,6,6,6,5,4,6,2,5,1,6,5,5,3,5,2,3,5,7,2,5,3,2,4,7,7,5,6,1,3,5,5,3,6,2,7,6,6,7,6,6,1,7,1,7,6,7,3,7,7,4,7,2,6,1,2,7,5
42,1,1,2,1,2,20,2,4,4,4,6,5,4,2,4,4,4,4,2,1,1,4,5,6,7,5,3,3,4,4,3,2,6,5,4,4,4,5,2,4,6,4,4,3,6,4,3,4,7,6,4,4,4,3,4,4,6,5,5,2,5,4,7,6,6,4,6,4,2,4,4,7,6,4,4,4,2,4,4,4,4,7,4,4,4,4,7,2,4,2,6,5,5,4,3,2,4,2,6,6,6,4,4,5,4,4,2,4,3,4,7,4,4,4,3,5,5,4,2,3,4
43,1,1,2,2,2,94,2,2,2,4,5,2,1,2,5,5,5,4,4,4,4,2,2,2,1,2,1,2,2,1,1,2,5,2,4,5,5,2,1,2,1,1,2,4,2,5,2,2,2,2,2,5,1,1,5,1,5,5,1,1,1,5,2,2,1,6,2,2,2,1,5,5,5,6,5,6,2,4,2,2,6,6,4,5,2,5,6,1,2,2,1,1,5,5,2,2,5,2,2,2,4,5,2,4,5,2,2,4,2,2,2,2,5,2,2,2,2,2,2,2,1
44,1,1,2,2,2,91,2,7,7,4,7,7,4,7,7,7,7,7,7,7,7,7,1,6,1,6,7,1,1,3,1,7,5,1,5,4,3,1,1,3,3,1,1,2,2,2,3,7,1,1,3,7,7,7,7,7,7,7,1,1,1,7,3,7,7,7,7,7,7,1,1,6,7,7,6,5,1,4,4,1,3,4,7,7,7,7,7,1,4,6,5,7,7,7,7,7,5,7,7,6,7,7,7,6,7,3,3,7,4,5,7,4,5,6,4,4,4,4,7,7,7
45,1,1,2,1,2,20,2,1,1,1,4,1,2,3,4,1,5,3,2,4,1,6,1,3,5,4,2,3,4,2,1,2,2,2,1,1,4,5,5,1,4,2,4,2,1,3,2,3,1,5,1,3,2,3,3,5,1,2,4,3,5,4,1,4,1,1,3,2,3,1,4,1,4,3,2,2,2,1,1,3,1,1,2,5,1,1,1,2,3,5,4,1,3,1,3,1,5,4,3,2,4,5,2,2,1,1,3,3,2,2,1,2,4,4,1,5,1,2,4,4,5
46,1,1,2,1,2,30,2,4,4,6,5,3,5,6,5,5,5,4,6,4,2,6,6,4,5,5,5,6,6,5,6,3,5,4,6,4,6,3,5,4,6,4,6,6,3,6,5,6,5,6,5,5,2,5,5,6,5,2,5,5,6,5,5,6,5,4,6,5,4,5,4,4,4,6,4,6,4,4,5,4,6,6,6,4,6,6,2,4,5,5,5,6,4,6,4,4,6,4,5,4,6,4,6,4,4,6,4,4,5,6,5,4,4,4,6,4,4,4,5,4,5
47,1,1,2,1,2,50,2,3,5,4,4,4,4,5,4,4,4,3,2,4,5,2,4,3,5,2,3,1,3,3,4,4,1,1,1,1,2,1,1,2,1,1,2,4,3,5,4,6,4,4,3,4,4,5,4,4,4,4,4,1,2,4,3,6,5,6,4,5,3,4,2,6,3,4,4,4,3,4,3,3,2,5,5,5,5,5,6,3,5,2,5,5,6,5,5,5,5,2,5,6,5,5,5,5,5,3,2,3,3,4,6,2,4,4,3,2,2,4,2,3,3
48,1,1,2,1,2,20,2,3,1,3,3,3,3,3,3,3,3,3,3,1,3,3,3,3,3,1,3,3,3,3,3,5,3,3,3,3,3,1,3,3,3,3,3,3,3,3,3,3,3,3,3,3,3,3,3,3,3,3,3,3,3,3,3,5,3,1,3,3,3,3,3,3,3,3,3,3,3,3,3,3,3,5,3,5,3,3,5,3,4,3,3,5,3,3,3,3,3,3,6,3,3,3,3,3,5,3,3,3,5,3,5,5,3,5,5,3,5,5,3,5,3
49,1,1,2,1,2,36,2,3,3,3,4,4,3,4,4,3,3,4,3,4,2,3,3,3,3,4,3,3,3,4,3,4,3,3,3,3,3,2,3,4,3,3,3,4,4,3,3,4,3,3,4,3,3,3,3,3,3,5,3,3,3,3,3,4,3,2,4,3,3,4,4,6,5,3,4,5,5,5,4,4,4,4,3,4,4,5,4,3,4,5,4,4,5,4,5,5,4,4,4,4,4,5,4,4,5,4,4,5,5,5,2,4,4,4,4,2,4,5,4,4,4
50,1,1,2,1,2,44,2,7,7,5,5,7,7,7,5,5,4,4,5,5,5,5,7,4,7,5,7,2,2,5,5,5,2,4,4,3,2,3,3,7,4,2,2,3,6,5,4,7,3,3,4,7,7,7,7,7,7,5,7,3,3,6,7,7,6,1,7,4,5,5,2,5,5,4,7,6,5,2,6,2,7,4,7,3,7,7,6,3,3,7,5,7,7,7,7,7,6,7,6,6,7,7,5,5,5,5,3,5,7,7,3,5,5,4,7,2,6,6,7,3,5
51,1,1,2,1,2,20,2,2,2,2,2,3,2,5,3,2,2,3,2,2,2,2,2,3,5,2,3,2,3,5,5,5,6,2,3,6,7,2,5,5,2,2,3,2,5,5,3,5,5,2,5,5,5,5,5,5,2,5,2,2,2,5,5,5,2,3,2,2,2,2,2,2,3,2,3,2,2,2,2,2,2,7,2,2,2,2,2,1,2,2,2,2,2,2,2,3,2,2,5,6,2,3,2,4,2,2,2,2,2,2,4,2,3,2,2,2,2,2,3,2,2
52,2,1,2,1,2,36,3,4,3,2,3,3,2,3,2,2,2,4,3,4,2,2,3,2,3,2,2,3,2,2,2,5,4,2,3,3,2,3,2,2,3,2,2,4,3,3,3,5,3,3,3,5,4,4,4,3,3,4,3,2,2,4,3,4,3,3,3,2,2,3,4,5,5,3,5,4,4,4,3,4,3,5,4,4,4,6,5,3,3,3,2,2,5,3,4,2,3,3,5,3,4,3,2,3,3,3,2,4,2,3,2,2,4,2,2,2,2,2,3,4,3
53,1,1,2,1,2,30,3,2,5,4,5,5,3,4,2,5,4,1,3,2,4,4,3,3,5,4,5,3,3,4,4,5,4,3,4,4,3,4,4,5,4,2,3,3,5,6,1,6,4,4,4,4,4,5,5,4,2,4,4,1,2,4,5,5,4,7,2,4,6,4,5,1,2,2,5,4,6,4,4,6,3,1,3,2,4,4,5,3,4,3,4,3,4,4,4,4,3,4,6,5,4,4,2,4,2,4,4,7,2,3,2,3,4,4,4,3,4,4,4,3,3
54,2,1,2,1,2,60,3,7,7,2,5,7,5,6,3,2,1,2,3,4,4,3,2,5,6,2,5,2,6,7,2,6,5,5,5,5,3,2,5,6,2,2,4,7,7,7,6,7,3,3,6,7,7,7,7,5,7,7,3,2,2,7,7,7,7,2,7,6,5,5,2,6,7,7,7,7,6,7,7,6,2,4,2,2,3,6,4,2,5,5,7,7,5,6,6,7,4,7,7,7,7,7,6,5,5,7,5,7,7,7,7,7,6,3,6,5,7,6,3,4,4
55,1,1,2,1,2,50,3,7,7,4,5,7,7,7,7,4,4,7,7,7,5,7,7,7,7,7,7,7,4,7,5,7,4,4,4,4,4,4,4,7,7,4,7,7,7,7,7,7,7,7,7,7,7,7,7,7,7,7,1,4,4,7,7,7,7,4,7,7,7,1,1,7,7,7,7,7,1,4,4,7,5,7,7,7,7,7,7,4,7,7,7,7,7,7,7,7,7,7,7,7,7,7,7,7,5,4,4,5,5,4,7,4,4,4,4,4,5,5,7,7,7
56,1,1,2,1,2,68,3,5,6,4,4,5,3,5,4,4,4,6,7,4,4,4,4,4,4,5,5,5,6,4,6,5,4,4,5,5,4,5,4,6,5,4,4,4,4,6,5,5,4,5,4,5,5,5,5,4,4,4,6,7,6,4,5,5,4,6,5,4,4,5,4,6,4,4,7,5,5,6,5,6,4,7,5,6,6,7,4,4,4,4,4,4,4,5,4,5,4,4,5,4,5,4,4,4,6,6,4,7,4,4,6,5,4,4,4,5,4,4,3,4,5
57,2,1,2,2,2,90,3,5,5,2,4,6,3,6,5,5,5,4,5,2,4,3,3,7,5,6,5,7,6,5,7,6,7,7,5,7,7,6,5,5,6,5,6,7,7,7,7,7,6,5,5,7,7,7,7,7,7,6,6,6,2,7,7,5,7,6,2,4,4,4,5,6,3,5,6,4,6,4,4,5,3,7,4,2,5,4,5,1,3,2,4,5,4,4,4,2,3,3,6,7,6,6,2,4,4,3,4,6,3,5,2,4,3,3,4,3,5,3,3,3,3
58,2,1,2,1,2,20,3,3,4,5,4,4,4,4,4,4,4,2,4,2,2,3,4,4,4,2,2,7,4,3,4,2,4,4,3,6,2,2,4,3,4,4,6,4,4,4,4,4,4,2,3,3,2,4,4,3,4,5,4,4,4,4,4,3,4,4,4,1,2,4,4,3,2,4,4,4,4,3,4,4,4,7,4,7,4,4,6,7,7,4,4,4,2,7,4,2,4,6,6,4,4,4,3,4,5,4,4,4,5,4,1,4,4,2,5,2,7,4,4,2,4
59,1,1,2,1,2,70,3,1,1,7,4,5,5,4,6,4,1,7,6,6,4,4,4,6,4,7,4,6,6,1,4,6,6,6,6,6,6,4,6,4,6,4,6,6,1,1,1,2,1,4,4,4,4,4,4,4,4,4,4,1,5,4,1,6,4,7,4,4,4,7,4,1,1,1,1,7,7,1,7,7,6,5,5,5,4,7,7,7,7,1,4,6,7,7,7,4,1,7,6,1,4,1,4,7,6,1,7,7,4,7,1,4,7,4,4,5,7,7,4,4,4
60,1,1,2,2,2,76,3,5,5,3,5,5,4,5,6,5,3,5,3,3,3,3,6,7,6,5,7,7,6,5,6,6,6,2,5,5,4,4,6,6,7,2,7,6,6,7,6,6,6,6,6,7,7,7,7,7,6,6,4,2,3,7,7,6,7,6,6,6,4,5,5,3,4,4,6,5,5,5,3,5,5,7,6,5,5,7,7,3,2,2,5,3,2,2,2,2,3,3,6,5,6,6,3,6,5,4,5,4,2,5,4,3,2,5,2,2,2,2,2,2,3
61,1,1,2,1,2,70,3,4,2,1,3,4,1,7,2,4,1,4,1,1,2,1,1,1,1,1,1,1,1,1,1,1,4,1,1,4,1,4,1,1,1,1,1,1,1,1,1,2,1,1,1,6,5,6,6,4,6,6,7,5,2,2,1,4,4,2,3,1,1,1,2,4,7,3,5,2,1,6,5,1,3,7,7,7,6,7,6,4,5,1,2,6,6,5,6,6,4,1,5,6,5,6,2,7,5,2,3,4,6,5,3,2,7,2,5,2,3,5,2,2,2
62,1,1,2,1,2,34,3,4,4,6,2,4,4,1,4,1,4,4,4,4,4,5,4,4,3,4,4,5,4,4,4,4,4,1,4,4,4,2,5,4,3,5,4,4,4,5,4,4,3,4,4,5,4,1,5,3,5,4,4,4,4,4,2,2,5,5,5,4,4,5,4,4,4,2,4,4,1,3,7,4,7,5,3,4,6,5,5,3,4,4,6,4,4,6,4,4,5,5,4,4,3,4,2,4,2,5,5,4,4,5,3,5,4,4,4,4,5,4,5,4,3
63,2,1,2,1,2,10,3,1,2,1,5,3,1,1,3,1,1,3,1,3,1,1,1,3,1,1,5,5,5,5,5,7,5,1,2,5,1,1,1,5,2,1,5,1,5,4,5,2,1,1,3,5,5,1,5,1,1,5,1,2,1,1,1,5,1,1,1,1,1,2,1,5,2,1,1,2,1,1,1,1,1,1,1,1,1,1,2,1,1,1,1,1,1,1,1,1,1,1,5,5,1,2,1,1,1,1,1,1,1,1,1,1,1,1,1,1,1,1,2,1,1
64,2,1,2,2,2,80,3,5,5,4,5,4,4,4,5,4,3,5,4,4,4,4,4,5,5,5,5,5,5,5,5,6,5,4,5,5,5,4,5,5,5,4,5,4,5,5,5,5,6,4,5,5,5,6,5,5,5,5,5,3,3,6,6,5,5,6,4,5,5,6,4,6,5,5,5,5,6,5,4,6,4,5,5,3,3,6,5,3,4,3,4,6,4,5,5,6,6,4,6,4,5,4,5,5,5,6,4,5,5,5,4,5,4,5,5,3,5,4,4,4,4
65,2,1,2,1,2,14,3,2,3,2,2,1,1,1,1,1,1,2,3,2,1,4,2,1,1,1,1,2,1,3,2,1,1,1,3,2,1,1,3,1,1,2,1,1,1,3,2,2,1,3,2,1,1,1,3,4,1,2,2,2,2,1,1,1,2,1,4,1,2,2,3,1,2,2,3,4,1,1,1,1,4,1,1,3,2,4,2,3,1,2,2,3,1,2,1,1,2,3,1,4,3,2,1,3,1,3,2,1,3,3,1,1,1,2,4,1,2,2,2,1,4
66,2,1,2,2,2,96,3,5,5,7,3,3,3,4,5,4,3,4,4,3,4,4,4,5,4,5,6,4,4,4,4,7,4,4,4,4,4,4,5,5,3,3,4,6,7,7,4,6,6,6,5,6,6,6,6,6,6,6,7,5,3,6,6,6,5,7,4,3,4,4,4,7,6,4,5,7,5,6,4,6,4,6,5,4,6,7,6,3,3,4,3,7,4,4,4,4,4,4,7,5,5,3,5,4,4,3,3,5,3,4,5,4,4,3,4,3,4,4,4,4,4
67,2,1,2,2,2,80,3,7,7,6,6,5,5,6,6,5,5,6,5,6,6,5,4,5,4,3,6,3,3,5,4,4,5,2,5,5,6,2,3,3,4,4,4,4,6,6,3,6,4,3,4,6,6,7,7,7,6,7,5,5,5,4,5,7,6,7,7,3,4,3,4,4,3,4,6,5,7,4,4,7,6,6,6,5,6,7,6,5,6,4,4,6,6,5,5,4,6,6,6,6,6,6,6,6,5,3,4,3,4,3,5,4,6,4,3,4,3,4,6,4,6
68,2,1,2,2,2,90,3,7,7,4,5,6,4,6,4,5,5,7,4,6,5,4,1,6,3,4,4,4,4,4,5,7,4,3,5,4,1,4,4,1,4,2,4,6,7,7,6,7,6,4,6,7,7,7,7,6,7,7,6,4,1,4,6,7,7,7,1,6,6,7,5,6,7,7,7,6,7,7,7,7,4,7,7,4,5,7,7,1,6,4,3,4,4,4,4,4,5,4,7,4,4,4,7,6,5,7,7,7,4,7,4,4,7,4,4,2,4,4,3,2,3
69,2,1,2,2,2,85,3,7,7,4,2,5,4,6,6,5,4,4,4,2,4,4,2,5,2,5,5,2,6,5,7,7,6,6,7,7,7,4,6,6,2,2,5,2,7,7,7,7,7,7,4,7,7,7,7,7,7,7,4,2,2,7,7,7,7,6,4,6,4,4,2,6,5,7,7,7,7,7,6,7,4,7,4,4,2,4,5,2,2,2,6,7,2,2,4,2,4,2,7,2,6,2,4,7,4,6,6,7,2,6,3,2,5,4,6,7,4,5,2,4,4
70,2,1,2,1,2,30,3,4,1,1,1,1,1,5,4,3,2,3,1,4,3,1,1,1,1,1,1,1,1,1,4,1,1,1,1,1,1,1,1,1,1,1,1,1,4,4,4,4,2,4,2,1,1,4,4,1,5,5,1,1,1,1,4,3,4,4,3,1,1,1,4,4,4,1,4,5,4,2,1,3,1,6,4,4,4,7,7,4,7,2,4,3,1,4,4,4,4,4,4,4,4,4,2,3,4,2,1,4,2,4,2,2,4,1,4,1,4,4,1,3,4
71,1,1,2,1,2,10,3,7,7,7,7,7,7,7,1,1,1,7,7,1,1,7,7,7,1,1,1,1,1,1,1,7,7,7,7,7,1,7,7,1,7,1,7,7,7,1,7,7,1,7,7,7,7,7,7,7,7,7,7,7,1,7,7,7,7,1,7,1,1,1,7,1,7,7,7,7,1,1,7,1,1,7,7,7,7,7,7,1,1,1,1,7,1,1,1,1,1,1,7,7,1,7,1,1,1,1,1,1,1,1,1,1,1,1,1,1,1,1,1,1,1
72,2,1,2,1,2,30,3,5,5,1,4,4,4,4,4,3,2,5,3,3,4,5,6,4,5,5,5,4,6,1,6,6,6,5,6,6,4,3,4,5,2,1,4,3,6,6,6,7,4,2,6,6,7,5,7,3,7,6,5,2,1,7,4,6,7,4,1,4,5,7,4,4,4,4,6,6,4,3,4,5,2,6,5,1,5,5,5,1,2,1,1,7,3,2,1,1,2,6,7,4,6,6,3,5,3,3,3,1,2,1,2,1,4,4,2,5,5,5,7,4,1
73,1,1,2,1,2,55,3,4,4,4,4,3,4,4,3,4,3,4,3,4,5,3,3,3,2,1,4,1,1,3,3,3,4,1,4,4,1,1,2,3,3,1,1,1,3,3,2,4,3,3,2,4,3,4,4,1,4,4,4,3,3,4,4,5,4,7,3,1,4,4,4,6,4,4,5,5,5,5,4,5,4,5,4,4,4,5,6,3,4,4,2,5,4,2,4,4,4,4,4,4,4,5,2,4,4,4,4,5,4,4,5,4,4,4,4,1,2,4,4,4,4
74,2,1,2,1,2,10,3,4,4,4,4,4,4,4,4,4,4,4,4,4,1,4,4,4,4,4,4,4,4,4,4,4,4,4,4,4,4,4,4,4,4,4,4,4,4,4,4,4,4,4,4,4,4,4,4,4,4,4,4,4,4,4,4,4,4,1,4,4,4,4,4,1,4,4,4,4,4,1,4,4,4,4,4,4,4,4,6,4,4,4,4,4,4,4,4,4,4,4,4,4,4,4,4,4,1,4,4,4,4,4,1,4,4,4,4,4,4,4,4,4,4
75,2,1,2,1,2,65,3,4,6,5,4,4,5,5,3,4,4,5,5,5,2,5,6,3,5,5,4,4,5,4,4,5,3,5,6,4,6,5,4,4,5,4,5,3,4,3,5,5,3,5,3,6,4,4,3,6,3,4,4,5,5,3,4,5,5,6,5,5,5,4,4,6,5,5,5,5,5,3,3,5,4,5,4,5,3,3,3,3,4,3,5,3,3,5,5,4,4,4,5,4,5,3,5,3,3,4,3,5,4,5,3,6,5,5,5,5,4,4,4,5,4
76,2,1,2,2,2,80,3,2,2,4,1,4,2,3,2,2,1,2,2,2,2,1,1,4,7,6,6,6,2,3,6,7,5,4,1,6,4,3,6,1,5,2,4,2,6,7,6,5,7,7,5,7,6,6,6,7,7,6,6,4,1,7,7,2,6,7,2,2,2,6,5,5,5,5,7,5,4,5,2,3,4,7,4,2,4,2,5,1,4,2,2,2,2,2,2,2,2,2,6,4,5,5,2,2,2,2,1,2,2,2,3,2,2,2,2,1,2,2,2,1,2
77,2,1,2,2,2,78,3,3,1,1,3,1,1,2,1,4,2,4,3,4,3,2,3,4,4,1,4,1,4,4,3,4,3,3,2,2,3,1,3,2,2,4,4,2,4,2,4,1,3,4,3,1,2,3,2,1,3,1,3,3,1,5,2,3,3,4,2,6,3,4,4,1,7,2,5,2,6,2,5,6,4,5,3,4,5,5,3,1,4,4,1,4,2,3,2,3,3,2,3,3,3,2,3,1,4,3,3,3,3,2,2,2,4,4,2,3,2,5,2,3,3
78,1,1,2,2,2,85,3,5,5,3,5,3,3,5,3,3,3,3,3,3,2,2,3,4,5,3,5,3,3,6,5,5,3,3,3,2,2,3,3,6,5,3,3,3,5,5,5,3,5,4,5,5,5,7,5,5,5,6,7,5,2,5,5,6,6,6,5,3,4,4,5,3,5,5,5,5,2,3,4,4,4,3,4,3,5,7,7,2,5,5,2,5,6,5,5,6,5,3,5,6,6,6,5,6,5,6,5,5,5,5,6,5,4,5,5,4,3,4,3,4,4
79,2,1,2,2,2,95,3,5,3,5,4,5,3,5,5,5,5,6,4,4,4,5,4,5,3,6,7,4,4,6,5,5,4,3,3,4,4,4,3,6,4,4,5,5,7,7,6,7,7,5,6,5,7,7,7,7,7,6,3,3,3,6,5,6,7,6,6,5,5,5,5,6,6,5,5,4,6,6,5,6,4,5,5,5,5,5,5,3,3,4,3,6,6,4,3,5,6,5,7,5,6,6,5,6,6,5,5,6,5,6,5,5,6,6,4,4,4,5,5,5,5
80,2,1,2,2,2,98,3,5,7,3,5,4,7,7,5,7,7,6,6,4,6,7,7,7,5,7,7,7,7,7,7,7,7,6,7,7,7,6,6,7,3,1,7,3,7,7,7,7,7,7,7,7,7,7,7,7,7,7,1,3,1,7,7,7,7,7,2,3,7,4,3,6,5,5,7,4,7,4,3,6,5,7,7,2,7,5,7,2,2,3,3,2,4,4,5,4,6,6,7,5,7,7,5,3,4,3,2,6,3,5,6,3,4,4,4,2,3,3,4,4,2
81,2,1,2,1,2,65,3,6,7,4,5,5,4,4,4,3,2,5,3,3,4,4,4,3,4,3,5,3,3,4,5,3,3,3,5,4,4,4,3,4,4,3,3,5,7,5,5,6,5,4,6,5,5,5,5,6,4,5,4,3,4,4,4,6,5,4,5,3,4,6,6,7,3,5,7,5,7,4,6,6,5,5,4,2,4,7,7,4,4,4,5,4,4,4,5,4,4,4,5,4,5,5,3,5,4,7,6,6,2,7,4,5,4,4,5,4,5,4,4,4,4
82,1,1,2,1,2,71,3,5,5,2,6,5,6,4,5,4,4,6,5,6,6,3,2,2,2,6,5,2,2,2,5,4,2,2,2,2,2,2,2,2,2,2,2,2,3,2,6,6,2,2,2,5,6,6,5,5,6,5,6,6,2,5,5,7,6,7,5,2,6,5,2,6,6,5,6,6,1,5,3,1,5,6,5,6,6,6,6,4,4,5,3,5,6,5,5,5,5,6,6,6,6,5,5,5,6,5,3,5,4,5,5,3,3,4,5,5,5,2,5,4,5
83,2,1,2,1,2,35,4,4,4,3,4,4,4,4,4,3,4,4,4,4,3,5,4,4,4,4,4,4,4,4,4,5,5,4,4,5,4,4,4,4,4,4,4,4,4,4,4,4,4,4,4,4,4,4,4,4,4,4,3,3,4,4,4,4,4,4,4,4,4,4,4,4,5,4,5,4,3,4,3,3,4,4,4,4,3,3,4,4,4,3,4,3,3,3,4,3,3,3,5,3,3,3,3,4,4,4,4,4,4,4,3,4,4,4,4,4,4,4,3,4,4
84,1,1,2,1,2,65,4,4,4,5,3,3,5,3,3,6,3,3,5,3,3,5,5,3,6,5,4,4,3,3,3,5,5,5,3,3,4,4,4,3,2,5,5,4,5,3,3,3,4,4,3,3,5,5,5,4,3,4,4,3,4,3,6,4,5,4,5,4,4,4,5,5,3,3,4,3,5,3,2,5,3,4,5,3,4,4,4,4,5,4,4,3,4,3,4,4,4,3,4,5,3,5,3,5,4,4,5,3,4,5,5,5,5,4,4,3,3,3,6,3,5
85,2,1,2,2,2,80,4,7,7,7,7,7,6,7,7,7,7,5,7,7,6,7,1,1,1,1,6,1,1,7,4,5,1,1,1,1,1,1,1,1,1,1,1,2,7,7,1,3,2,1,4,4,4,7,3,2,2,6,5,2,1,7,2,4,7,7,7,6,1,4,5,6,1,7,7,6,7,7,7,7,7,6,7,7,7,7,7,1,5,2,1,4,5,2,4,1,5,4,3,2,5,3,5,3,6,4,5,7,4,4,2,4,4,5,3,3,2,4,4,4,4
86,2,1,2,1,2,20,4,1,1,1,1,1,1,1,1,1,1,1,1,1,1,1,1,1,1,1,1,1,1,1,1,1,1,1,1,1,1,1,1,1,1,1,1,1,1,1,1,1,1,1,1,1,1,1,1,1,1,1,1,1,1,1,1,1,1,1,1,1,1,1,1,1,1,1,1,1,1,1,1,1,1,1,1,1,1,1,1,1,1,1,1,1,1,1,1,1,1,1,1,1,1,1,1,1,1,1,1,1,1,1,1,1,1,1,1,1,1,1,1,1,1
87,2,1,2,2,2,95,4,3,4,4,7,5,3,7,6,5,5,2,4,5,5,5,3,3,3,1,4,1,3,2,7,5,5,1,5,3,1,1,3,2,1,1,3,5,6,6,7,5,6,3,6,6,4,7,6,6,2,7,7,4,4,6,7,5,7,7,5,6,6,3,3,7,7,7,6,7,7,5,7,7,5,7,7,6,7,7,7,4,4,6,7,7,7,4,7,7,7,7,4,6,5,7,7,7,6,7,7,7,6,7,7,7,7,6,7,7,5,5,7,7,7
88,2,1,2,1,2,50,4,5,7,4,4,6,1,4,6,4,3,4,4,4,4,4,1,6,4,4,7,4,7,6,4,6,6,4,7,6,4,4,4,5,4,7,7,3,7,7,7,7,4,4,7,4,4,4,7,4,4,7,4,1,4,5,4,7,4,7,4,6,6,4,4,5,1,4,6,4,4,4,4,5,4,7,4,7,7,7,5,2,3,4,4,4,5,4,5,4,4,5,7,7,4,6,6,5,5,4,4,7,2,4,3,4,4,4,4,4,6,7,4,4,4
89,2,1,2,1,2,30,4,1,1,1,1,1,2,1,1,1,1,3,2,1,2,4,2,2,3,1,1,1,1,1,1,4,3,4,2,1,4,1,3,1,4,2,2,1,1,2,1,1,2,4,2,3,1,4,2,4,4,1,4,3,4,2,1,2,4,1,4,1,1,1,1,5,1,2,2,3,3,2,4,1,4,2,4,1,4,4,3,1,1,2,3,2,2,1,3,1,2,2,6,1,4,1,1,1,3,1,2,3,3,2,1,3,2,1,2,1,1,2,2,1,1
90,2,1,2,1,2,50,4,2,2,1,7,2,1,1,2,2,1,3,1,1,2,6,1,1,5,1,1,1,1,4,4,4,1,1,1,1,1,1,2,1,1,1,1,1,4,4,3,4,3,3,2,5,3,6,7,5,1,6,4,1,1,1,5,5,2,6,2,1,4,2,3,3,2,3,5,3,5,5,3,4,2,5,5,1,2,2,6,2,3,1,2,1,1,1,1,1,5,1,1,2,4,3,2,4,7,4,3,4,1,4,1,1,5,4,1,2,2,2,2,2,1
91,2,1,2,1,2,42,4,4,4,5,4,3,3,4,3,3,3,4,4,3,2,4,4,4,4,4,4,4,4,4,4,5,4,4,4,5,4,3,4,3,4,4,4,4,5,4,4,5,4,4,4,5,4,4,5,5,5,5,4,4,4,3,3,5,4,4,4,4,5,4,4,4,5,4,5,5,5,5,5,5,4,4,4,4,5,4,4,4,4,3,4,4,4,4,4,4,4,4,5,4,4,3,3,4,4,4,5,5,4,4,2,4,4,4,4,3,5,4,4,4,4
92,2,1,2,1,2,15,4,3,3,3,3,3,3,3,3,3,3,4,3,3,3,4,3,3,3,3,3,4,4,3,3,4,3,3,3,3,4,3,3,4,3,3,3,3,3,3,4,3,3,4,3,3,3,3,3,4,3,3,3,3,3,3,3,3,3,3,3,3,3,3,3,3,3,3,3,3,3,3,3,3,3,3,3,3,3,3,3,3,3,3,3,3,3,3,3,3,3,3,3,4,3,3,3,4,3,3,3,4,3,3,3,3,4,4,3,3,3,4,3,3,3
93,1,1,2,1,2,40,4,5,4,1,2,4,2,2,3,4,2,1,1,2,7,1,4,4,7,7,7,4,4,4,5,6,5,7,4,1,7,7,7,5,4,7,7,4,5,2,2,4,6,7,4,5,7,2,4,5,7,4,6,5,5,6,3,5,7,4,4,3,6,7,7,5,3,3,5,5,3,4,7,4,1,7,4,5,4,5,4,5,6,5,4,5,7,4,5,6,5,4,6,5,3,5,3,7,5,6,3,3,5,6,7,1,4,7,7,3,5,1,3,3,1
94,2,1,2,1,2,50,4,2,1,1,1,2,1,1,1,1,2,3,1,1,2,1,1,1,1,4,3,1,1,2,1,5,2,1,1,4,1,4,1,2,1,1,1,1,2,1,1,5,1,1,2,1,2,1,1,1,1,2,1,1,1,2,1,2,4,5,1,1,1,1,2,3,1,1,1,1,1,3,1,1,1,2,1,1,1,1,2,1,1,2,1,1,1,1,1,2,1,1,3,1,1,2,2,2,2,1,1,1,2,1,2,1,2,1,1,1,1,2,1,1,1
95,2,1,2,2,2,83,4,4,7,4,3,4,4,4,4,4,2,4,4,3,3,2,5,5,4,1,4,2,5,4,4,4,6,3,6,5,4,6,4,2,2,1,5,4,3,5,5,5,5,3,3,3,4,2,5,4,4,4,5,5,2,5,4,5,2,5,3,4,5,4,4,2,5,3,5,5,2,5,4,4,5,6,4,4,5,3,3,3,2,4,4,3,6,4,5,2,3,5,3,3,4,4,4,3,5,3,2,3,3,4,3,2,4,4,3,5,2,4,6,5,5
96,2,1,2,2,2,80,4,4,5,5,2,2,3,4,5,4,5,5,3,4,4,1,4,3,5,1,4,7,5,5,3,5,2,5,4,5,5,1,4,5,4,5,7,4,6,5,5,5,5,4,4,5,4,4,4,4,5,5,3,4,3,5,5,4,4,5,4,3,4,4,3,5,3,5,4,7,6,5,5,6,2,7,4,6,4,4,1,1,3,3,5,4,4,4,4,3,4,3,5,6,4,4,5,4,6,2,3,4,4,5,1,4,5,6,4,4,5,4,3,4,2
97,2,1,2,1,2,74,4,5,4,3,5,4,4,5,6,5,4,4,3,4,5,3,5,4,4,5,5,5,4,4,4,6,5,4,5,4,4,5,4,4,3,4,5,4,5,5,6,6,5,3,4,5,5,6,6,6,5,6,5,4,3,5,5,5,6,6,4,5,6,4,5,4,4,3,4,4,6,3,4,5,4,4,4,4,4,4,5,3,4,4,4,4,4,4,4,4,4,5,5,5,5,5,4,4,3,3,4,4,4,3,4,4,4,4,4,4,4,4,4,4,4
98,2,1,2,1,2,68,4,2,5,5,5,3,5,5,5,3,5,5,5,5,4,5,5,3,5,1,4,5,5,2,7,1,3,5,5,4,5,1,6,3,5,5,5,3,4,5,5,3,5,6,4,6,3,3,5,7,5,4,5,5,5,3,5,4,4,6,5,5,1,6,5,7,5,5,5,5,5,5,5,7,5,6,4,2,5,5,6,5,4,1,5,5,4,5,5,4,5,5,2,6,3,7,5,5,6,6,5,5,5,5,6,5,6,4,5,3,5,5,5,3,5
99,1,1,2,1,2,38,4,5,5,3,6,5,3,3,3,3,3,5,4,3,2,3,6,6,6,6,6,6,6,5,6,5,6,4,3,4,6,5,6,7,6,6,6,4,5,6,6,6,6,5,6,6,6,6,6,6,6,6,4,5,3,7,6,6,6,6,5,4,5,4,4,4,3,4,6,5,3,3,5,1,4,4,4,4,4,4,6,3,2,3,3,3,4,3,3,2,2,3,6,4,3,4,3,4,3,4,3,4,3,3,2,3,3,2,4,3,3,4,4,3,3
100,1,1,2,2,2,81,4,4,4,4,5,5,5,5,5,4,4,5,5,5,5,5,5,4,4,4,4,4,4,4,4,4,4,4,4,4,4,4,4,4,4,4,4,4,5,5,5,5,5,5,4,5,4,5,4,5,5,5,4,4,4,4,5,7,4,2,4,4,4,4,4,4,4,4,5,4,7,5,6,7,4,5,5,5,6,4,2,4,5,4,4,4,4,4,5,4,5,5,4,4,5,5,7,5,5,4,4,4,4,4,3,4,4,7,4,4,4,4,5,4,4
101,1,1,2,2,2,90,4,5,6,6,4,6,5,5,5,4,7,6,5,3,5,4,4,4,5,1,7,6,7,5,7,6,6,7,5,7,7,1,6,7,6,5,5,5,6,5,6,7,6,5,6,6,6,6,6,6,5,7,4,7,5,7,5,2,7,6,4,6,5,3,5,6,4,6,7,7,4,5,5,6,6,7,5,4,4,7,6,4,6,5,2,7,4,7,6,6,7,5,7,6,4,6,6,5,5,6,4,6,4,5,6,6,6,5,7,5,6,4,6,6,7
102,1,1,2,2,2,76,4,7,7,7,3,7,7,7,5,6,7,6,5,7,7,7,7,5,3,6,7,7,5,7,6,6,6,4,7,7,7,6,7,7,7,7,6,6,7,7,6,6,6,7,7,7,7,7,7,7,6,7,7,6,7,6,6,6,6,4,7,6,4,6,6,6,6,7,5,1,7,6,6,4,7,6,7,7,6,6,6,7,1,7,2,6,6,7,6,7,2,7,6,1,7,7,7,7,4,5,7,6,7,7,6,7,6,3,7,6,7,6,7,6,4
103,2,1,2,2,2,91,4,4,4,6,4,5,4,5,5,4,4,6,4,4,4,4,4,4,4,4,5,5,7,6,4,4,6,4,5,6,7,5,7,6,7,4,7,5,5,6,6,7,7,5,6,4,5,7,6,7,5,7,4,6,4,7,7,6,4,7,7,6,4,4,5,6,6,7,6,7,6,4,6,7,4,7,7,7,7,7,5,4,4,4,4,4,4,5,4,4,5,4,4,4,5,4,7,5,6,5,5,7,4,7,4,4,7,7,4,4,4,4,4,4,4
104,1,1,2,2,2,75,4,6,5,5,5,4,5,5,6,5,5,5,5,6,4,5,5,6,5,5,6,5,5,6,5,4,5,5,5,6,5,5,5,6,5,5,5,6,5,5,5,5,5,5,5,5,5,5,5,5,5,5,5,5,5,5,5,5,5,5,5,5,5,5,5,5,5,5,6,5,5,5,5,5,5,6,5,6,5,5,6,5,6,5,5,5,5,5,5,3,5,5,5,5,5,5,3,5,6,5,5,5,5,5,5,5,6,5,5,5,5,5,5,6,5
105,1,1,2,1,2,25,5,4,4,4,4,4,4,4,4,4,4,4,4,4,1,4,4,4,4,4,4,4,4,4,4,4,4,4,4,4,4,4,4,4,4,4,4,4,4,4,4,4,4,4,4,4,4,4,4,4,4,4,4,4,4,4,4,4,4,1,4,4,4,4,4,1,4,4,4,4,4,1,4,4,4,7,4,4,4,4,7,4,4,4,4,4,4,4,4,4,4,4,4,4,4,4,4,4,1,4,4,4,4,4,1,4,4,4,4,4,4,4,4,4,4
106,2,1,2,1,2,64,5,7,5,7,6,6,4,4,6,7,6,7,7,7,6,7,5,5,7,6,7,5,6,1,7,5,7,6,5,7,4,5,5,3,4,5,5,5,7,7,4,7,4,6,7,4,6,6,5,5,7,7,7,7,4,5,4,7,7,5,4,4,5,7,7,6,5,5,7,5,7,5,4,5,5,7,7,7,5,5,6,4,7,6,4,6,6,6,6,4,6,4,7,5,6,4,4,5,4,5,4,6,6,5,5,3,6,6,6,4,5,7,5,4,4
107,2,1,2,2,2,99,5,5,6,6,5,4,4,6,6,4,6,4,6,6,6,4,2,4,5,3,4,1,4,5,5,5,6,5,6,6,6,3,2,4,5,1,2,4,3,5,4,4,2,4,3,5,4,5,5,5,5,7,3,5,2,5,3,6,6,2,3,4,4,3,3,4,4,4,6,6,7,5,6,6,4,6,5,6,6,4,7,5,7,5,6,6,6,6,6,4,6,6,5,6,6,6,5,6,5,6,2,5,6,6,5,5,6,4,6,4,6,6,6,5,4
108,2,1,2,1,2,70,5,7,5,7,6,6,5,4,6,5,6,5,5,7,5,7,4,6,7,5,7,5,7,4,7,5,7,6,5,7,4,4,5,3,4,5,7,6,7,7,4,5,4,6,7,4,6,6,5,5,7,7,7,5,4,5,4,6,7,7,4,5,6,7,7,6,5,5,6,5,7,6,4,6,5,7,7,7,5,5,7,4,7,6,4,6,6,6,5,4,6,4,5,5,6,4,4,5,6,5,4,7,6,5,3,3,5,4,6,5,5,7,5,5,4
109,1,1,2,2,2,99,5,5,4,4,4,4,4,6,6,6,6,3,4,5,5,4,1,2,1,1,1,1,1,3,3,6,3,3,2,1,4,1,1,1,1,1,1,1,2,6,2,5,2,3,2,3,3,6,3,4,6,7,4,5,2,6,2,7,7,3,6,3,4,4,4,6,7,6,6,6,3,6,4,7,3,7,4,5,5,2,4,5,3,3,5,7,6,3,4,4,6,5,7,4,7,7,4,4,5,6,3,6,4,4,4,3,3,4,3,2,3,2,4,4,3
110,1,1,2,2,2,96,5,5,5,5,6,5,5,5,6,6,6,6,4,5,5,6,5,5,5,4,5,4,5,5,5,5,6,5,5,6,5,4,5,3,5,4,5,5,7,5,6,5,5,5,4,5,5,5,5,5,5,4,5,5,5,6,5,6,5,5,4,5,6,5,4,6,5,5,5,5,6,4,5,5,5,5,5,4,5,5,5,5,4,5,5,5,4,4,5,6,5,5,5,6,5,5,7,5,5,5,5,5,4,5,5,5,5,5,5,4,4,5,5,5,5
111,1,1,2,2,2,80,5,4,4,4,4,4,4,4,4,4,4,4,4,4,3,4,4,4,4,5,4,4,4,4,4,3,4,4,4,4,4,2,4,4,4,4,4,4,4,4,4,4,4,4,4,4,4,4,4,4,4,4,4,4,4,4,4,4,4,7,4,4,4,4,4,5,4,4,4,4,4,3,4,4,4,5,4,4,4,4,5,4,4,4,4,4,4,4,4,4,4,4,2,4,4,4,5,4,6,4,4,4,4,4,3,4,4,4,4,4,4,4,4,4,4
112,2,1,2,1,2,60,5,6,6,2,1,1,1,4,6,5,2,1,6,2,1,1,4,1,4,3,7,4,4,7,6,1,1,1,1,1,1,1,1,1,1,1,7,6,7,7,7,7,7,2,7,7,7,7,7,7,7,7,1,1,1,7,6,7,7,7,6,7,1,1,7,6,7,2,5,6,7,5,6,6,5,7,7,7,7,7,7,1,2,1,1,7,6,1,1,2,2,1,6,2,4,1,7,2,5,7,5,7,1,6,2,1,5,2,1,1,1,1,1,1,4
113,1,1,2,2,2,92,5,3,3,4,4,4,4,5,4,4,6,3,3,4,2,3,4,6,4,7,3,5,6,6,4,7,6,2,4,3,3,7,4,7,2,4,7,7,6,6,7,7,5,3,3,7,6,4,5,4,5,6,4,5,3,7,4,5,7,6,5,2,6,4,3,3,3,3,6,6,5,5,4,4,3,2,6,5,3,6,6,3,6,3,4,4,5,3,4,6,6,4,7,6,5,5,3,6,4,5,4,6,6,4,3,4,5,3,4,4,4,4,4,6,5
114,2,1,2,1,2,35,5,5,5,4,4,3,3,5,4,3,1,1,3,3,4,3,3,3,2,1,2,3,3,3,3,3,2,2,3,2,3,4,3,3,3,3,3,2,3,5,4,5,3,3,3,5,4,5,5,5,5,5,4,3,3,5,3,4,3,5,3,2,3,4,2,5,5,4,6,3,5,5,3,6,4,6,4,2,4,3,5,2,3,2,1,3,2,3,2,2,3,2,5,4,3,3,2,4,5,3,4,4,2,4,2,2,5,4,2,2,3,2,2,4,3
115,2,1,2,2,2,80,5,6,5,2,4,4,4,4,4,4,4,4,4,3,2,5,2,5,5,4,5,4,5,6,6,6,4,4,4,4,3,3,4,4,3,4,4,5,5,6,6,6,5,3,6,6,6,6,6,6,5,6,4,2,3,6,6,6,6,6,3,5,5,4,5,5,5,5,6,3,7,4,4,4,4,4,4,4,4,4,4,2,4,2,2,4,2,3,2,2,3,2,5,3,5,4,3,4,4,4,4,5,3,4,2,2,4,3,3,3,3,4,4,4,4
116,2,1,2,2,2,85,5,1,1,2,4,4,4,3,4,1,4,4,4,4,4,4,4,3,3,3,4,4,4,3,4,5,4,4,4,4,4,4,4,2,4,4,4,1,4,4,3,5,1,1,4,5,4,4,4,3,4,5,4,3,2,4,1,4,5,1,4,4,4,4,4,4,4,4,4,5,1,2,2,4,4,1,4,4,2,5,4,4,4,4,4,4,4,4,4,4,4,4,5,4,4,4,4,4,6,4,4,4,4,4,4,4,6,4,4,2,4,4,4,3,3
117,2,1,2,2,2,90,5,5,6,4,5,4,3,6,6,5,4,4,3,5,5,6,4,5,4,4,5,3,5,3,5,6,5,3,4,4,4,3,5,4,5,1,3,3,5,6,4,6,4,4,4,5,4,6,4,4,6,6,4,2,3,4,5,6,7,7,4,7,5,4,4,6,5,5,5,5,7,6,5,7,4,5,4,4,5,5,6,3,4,2,3,4,2,3,3,3,4,2,6,5,6,4,4,5,5,4,3,6,3,4,4,3,5,4,4,3,2,2,2,5,4
118,2,1,2,1,2,60,5,7,7,1,7,3,3,6,2,1,1,2,1,2,2,2,7,7,7,3,6,6,5,2,6,6,6,2,7,6,1,1,7,5,7,4,5,1,3,7,6,6,6,5,5,7,6,7,7,6,7,6,7,2,2,5,7,3,7,7,6,3,6,6,7,4,6,4,6,2,7,6,4,6,2,5,2,2,7,7,7,2,6,1,1,6,1,1,1,1,2,1,6,1,1,1,1,3,7,1,1,7,2,3,1,2,2,1,5,1,1,1,1,1,1
119,1,1,2,1,2,30,5,6,6,4,4,4,4,4,4,4,4,4,4,4,4,4,4,4,4,1,4,4,4,4,4,4,4,4,4,6,4,1,4,4,3,4,4,4,4,4,4,4,4,4,4,4,4,4,4,4,4,4,4,4,4,4,4,5,4,6,4,4,5,4,4,4,6,3,5,4,4,6,4,3,4,7,4,5,4,4,4,4,4,4,4,4,4,4,4,4,4,4,4,4,4,4,4,4,4,4,4,4,4,4,4,4,5,4,4,4,4,4,4,4,4
120,2,1,2,1,2,70,5,7,7,3,5,4,2,6,6,3,4,4,4,5,5,4,1,2,3,1,4,1,3,3,1,3,2,1,4,3,1,2,1,1,1,1,2,2,6,7,5,6,2,1,3,7,5,4,7,6,6,7,2,3,1,6,1,7,6,6,3,3,5,4,4,5,6,6,7,4,7,6,6,5,2,6,4,7,6,6,3,1,3,4,2,6,5,4,4,2,2,3,7,3,3,5,5,3,4,5,2,2,2,4,4,2,4,5,4,2,4,3,4,3,3
121,1,1,2,1,2,50,5,5,6,6,4,6,5,4,6,7,4,4,6,6,6,5,6,6,6,6,6,5,5,6,6,6,6,5,6,5,5,5,6,6,5,6,6,5,6,6,5,5,6,5,6,6,6,6,5,4,6,5,4,5,5,6,5,7,6,6,6,6,7,5,6,5,5,6,6,5,5,6,6,6,6,6,5,5,5,6,5,6,6,5,6,6,4,5,6,5,5,4,6,7,6,5,6,5,5,6,5,6,5,7,6,6,5,6,5,6,6,6,4,6,5
122,2,1,2,2,2,80,5,7,6,4,6,6,5,6,5,4,4,4,5,6,6,5,4,4,4,4,4,4,4,4,4,4,4,4,4,5,4,4,4,4,4,4,4,4,4,4,4,3,4,4,4,4,4,6,4,4,4,5,6,6,4,4,4,7,6,4,4,4,4,4,4,5,6,6,6,6,6,4,5,6,6,7,6,6,6,6,7,5,7,6,5,5,6,6,6,6,5,6,6,5,6,6,5,4,4,4,5,6,5,5,6,5,5,5,5,5,5,5,6,6,6
123,2,1,2,1,2,50,5,4,2,2,2,1,2,2,4,4,2,1,1,1,3,1,1,1,2,4,4,2,1,4,1,2,1,1,1,1,1,1,2,1,1,1,2,4,4,6,1,1,4,1,1,3,4,4,4,4,4,5,2,1,1,5,5,3,4,5,2,1,4,1,5,6,1,2,7,1,6,4,1,1,1,7,2,4,1,4,4,1,1,2,2,4,1,2,2,1,2,1,7,7,4,5,1,4,1,1,1,1,2,2,3,1,4,4,4,4,2,4,1,2,4
124,1,1,2,2,2,100,5,5,5,4,2,4,4,5,6,5,6,4,3,2,2,5,4,5,5,4,5,4,5,6,5,6,5,3,5,5,4,4,5,6,5,4,5,6,6,6,6,6,5,5,5,6,7,5,6,5,6,6,4,4,1,6,5,4,7,6,4,6,4,3,3,3,3,4,3,5,6,4,5,6,3,4,4,2,4,4,4,3,3,5,4,4,5,5,4,5,5,4,7,4,6,5,5,4,4,5,4,6,5,4,3,4,4,4,4,2,5,5,5,4,5
125,1,1,2,1,2,20,5,4,4,5,4,4,4,3,3,1,4,4,4,4,4,2,4,4,5,4,4,5,4,4,6,4,4,4,4,4,4,4,1,3,1,4,4,6,2,1,4,4,3,1,4,2,4,4,2,4,4,4,2,4,2,4,1,4,4,6,4,4,4,5,4,5,4,4,4,4,1,4,4,4,3,7,2,4,4,4,4,3,4,4,4,2,7,4,4,7,4,3,4,3,4,4,4,4,4,5,3,4,4,4,3,4,4,6,3,5,2,4,4,3,4
126,2,1,2,1,2,55,5,4,4,4,4,4,5,4,4,4,1,4,2,4,4,1,6,4,4,4,2,5,4,2,4,5,2,5,4,4,3,6,4,3,2,4,4,2,4,4,2,3,1,4,2,5,6,5,5,2,4,4,4,3,3,4,4,5,6,4,4,4,3,4,5,4,6,1,2,1,4,4,5,4,2,4,6,4,6,3,6,3,3,1,4,2,4,6,4,1,4,4,6,2,4,4,4,2,4,3,4,1,4,4,2,4,6,4,4,7,4,3,4,4,2
127,1,1,2,1,2,70,5,4,5,4,4,3,5,4,5,5,4,4,4,4,5,4,4,3,7,4,4,4,5,4,7,4,4,4,3,4,4,4,3,4,4,4,3,3,4,4,4,4,3,3,4,4,4,2,4,4,5,4,2,5,5,5,4,4,4,5,3,3,4,6,4,5,5,4,4,5,4,2,6,4,4,4,4,4,7,1,2,4,3,3,6,2,4,4,3,5,3,4,4,5,5,5,4,3,4,6,4,4,5,4,4,4,5,4,4,3,4,3,4,4,5
128,2,1,2,1,2,10,5,5,5,4,6,5,4,5,4,1,1,4,3,4,4,1,4,4,4,1,4,4,4,4,4,4,4,4,4,4,4,4,4,4,4,4,4,4,5,4,4,4,4,4,4,4,4,5,4,5,4,5,5,4,4,4,5,5,4,4,4,4,4,7,4,4,4,4,4,4,5,4,4,5,4,7,7,6,7,7,6,4,4,4,4,6,5,5,6,5,4,5,4,5,4,5,4,5,7,4,4,3,5,4,5,4,4,4,5,4,4,4,4,4,4
129,1,1,2,1,2,70,5,7,4,4,4,7,4,4,4,5,5,1,4,4,4,4,4,4,4,1,7,4,5,4,5,7,5,4,4,4,4,1,5,1,4,4,4,5,7,4,5,5,4,4,5,4,7,5,4,4,5,7,4,4,4,4,4,5,4,4,4,5,4,5,4,2,4,4,4,5,4,4,4,4,5,7,4,5,5,5,7,4,4,4,4,4,4,4,4,5,4,4,7,7,4,4,4,4,4,5,4,4,5,4,4,4,4,3,4,4,4,4,4,4,5
130,1,1,2,1,2,60,5,4,1,2,5,3,2,5,4,4,4,5,2,2,5,4,2,3,1,2,3,1,1,3,1,2,3,1,1,2,1,2,1,3,1,1,1,3,2,5,1,5,1,1,2,4,3,5,3,1,3,5,1,1,1,3,2,5,2,4,1,2,3,2,3,6,5,5,5,5,6,6,5,5,2,5,2,2,4,5,4,3,2,2,2,3,3,3,3,3,5,2,3,5,5,5,3,5,5,5,2,4,2,4,3,3,5,4,4,3,4,4,2,4,4
131,2,1,2,1,2,70,5,4,4,4,4,3,4,4,4,3,1,4,4,4,4,3,3,4,4,4,4,4,4,5,4,4,4,4,4,4,3,4,4,5,4,4,4,4,4,4,4,4,4,4,4,5,3,5,5,3,4,5,3,4,4,4,3,4,4,5,4,4,4,4,5,5,4,4,4,4,4,5,4,4,4,6,3,4,3,3,4,4,4,1,3,5,2,4,4,1,4,4,5,4,4,4,4,4,1,4,3,4,3,4,3,4,3,4,3,4,4,4,4,4,3
132,2,1,2,2,2,90,5,4,3,4,4,3,3,4,4,3,5,4,2,3,2,2,3,4,2,4,4,3,4,5,4,3,4,4,4,4,3,4,4,3,4,2,3,3,4,3,3,3,3,3,2,4,3,4,4,4,2,5,4,4,4,3,3,5,4,5,4,3,3,4,4,5,4,4,4,4,5,5,3,4,5,5,3,5,4,5,4,2,4,2,3,4,4,4,3,3,5,3,5,4,4,3,3,4,4,4,3,4,3,4,3,4,3,4,4,2,4,3,4,4,3
133,2,1,2,2,2,86,5,5,4,3,7,6,4,7,7,7,7,7,4,7,6,7,4,1,2,1,7,5,7,5,5,7,7,4,7,7,5,3,4,1,3,1,5,5,5,7,7,7,3,2,5,7,6,7,7,7,5,7,1,3,1,4,7,6,7,5,2,4,7,4,2,6,3,4,7,7,7,6,2,7,7,7,7,7,7,7,7,1,5,1,2,7,7,7,7,3,7,1,7,6,7,7,7,7,4,2,1,7,5,2,3,3,5,4,3,4,5,5,5,6,5
134,2,1,1,2,2,91,6,4,4,4,5,4,5,4,4,3,4,4,3,5,5,4,4,4,4,3,4,2,3,2,5,6,3,2,4,2,1,2,4,3,1,2,2,4,6,6,4,7,3,3,5,7,5,7,7,7,7,5,7,6,3,6,5,6,7,7,6,6,6,4,4,5,6,2,5,5,5,5,6,5,4,6,6,5,7,7,6,5,6,5,4,6,5,5,6,4,5,4,6,5,5,5,6,7,7,5,6,7,5,7,5,6,7,5,5,4,6,5,5,4,4
135,2,1,1,2,2,94,6,6,5,6,6,6,4,6,6,4,5,3,5,5,5,5,2,4,4,5,6,5,4,4,5,3,5,5,3,5,4,3,5,4,4,2,5,3,6,7,5,5,5,3,4,6,5,6,6,5,3,6,4,3,5,6,5,4,5,6,6,5,3,4,4,6,6,2,6,6,7,6,5,6,4,6,5,4,5,6,5,4,5,5,5,3,5,5,4,5,5,5,4,6,6,5,5,6,6,4,4,6,4,5,4,4,6,4,4,4,4,4,4,4,3
136,1,1,1,1,2,40,6,4,4,4,4,4,4,5,5,4,4,5,4,4,4,4,4,4,4,2,4,4,4,4,4,5,4,4,4,5,4,4,4,3,4,4,4,4,5,4,4,4,5,4,5,4,4,4,4,4,4,4,4,4,4,4,5,4,4,4,4,4,4,4,4,5,5,4,5,4,4,4,4,4,4,5,5,4,4,7,2,4,3,4,4,4,3,4,4,4,4,3,3,5,5,4,3,4,4,4,4,4,5,4,4,4,4,4,4,4,4,4,4,4,4
137,1,1,1,1,2,50,6,5,5,1,2,1,1,4,4,1,2,4,3,3,3,1,1,4,1,2,1,1,1,3,4,5,1,1,1,1,1,1,1,1,1,1,1,2,4,3,2,5,4,1,4,4,4,2,5,5,2,5,1,1,1,3,4,4,5,4,1,2,5,4,4,5,1,4,6,5,2,3,4,4,5,5,2,3,1,7,3,1,3,1,2,4,1,1,1,2,2,2,6,3,1,2,3,2,4,2,1,1,1,5,1,1,4,4,1,4,1,1,1,4,4
138,2,1,1,1,2,30,6,2,2,2,2,3,2,2,2,2,2,2,3,3,2,2,2,2,2,2,2,2,2,3,2,2,4,3,2,4,2,2,2,2,2,2,2,2,2,2,2,2,2,2,2,2,2,2,2,2,3,2,2,2,2,2,2,2,3,2,2,2,2,2,3,4,2,2,3,2,2,2,2,2,2,2,2,2,2,3,4,2,2,2,2,2,2,2,2,2,2,2,2,3,2,2,2,2,2,2,2,2,2,2,2,2,2,2,2,2,2,2,2,2,2
139,2,1,1,1,2,60,6,6,4,5,5,6,4,6,6,6,4,4,4,5,4,5,3,4,3,3,6,5,6,6,5,6,6,5,4,7,6,3,5,4,2,3,4,4,6,6,5,5,6,3,6,6,6,6,6,4,6,7,3,3,2,6,6,6,7,6,6,4,4,3,3,3,2,4,4,5,6,4,4,3,3,4,3,5,4,6,4,3,5,6,5,6,5,4,4,6,6,4,6,6,6,7,7,5,6,5,3,3,5,4,5,5,6,3,4,5,5,5,6,6,7
140,2,1,1,2,2,90,6,5,4,4,5,5,5,6,6,6,5,4,4,4,5,5,4,3,4,2,5,2,3,4,4,3,4,3,3,3,5,3,2,2,2,1,2,6,6,7,4,7,6,2,5,6,6,6,6,5,5,6,3,3,3,7,6,6,5,5,3,5,3,2,3,7,4,4,6,5,6,3,3,6,3,7,4,3,3,5,6,3,4,4,5,4,5,4,5,4,4,4,5,6,6,6,4,4,5,4,3,5,4,4,5,5,4,4,4,3,3,3,5,4,4
141,2,1,1,1,2,60,6,3,4,4,4,2,2,5,3,4,2,3,3,3,3,5,4,3,2,2,4,1,4,5,4,2,3,2,2,3,4,2,2,2,2,1,5,2,5,5,6,5,5,5,2,5,5,5,5,5,4,6,3,1,2,5,5,5,4,5,5,4,2,4,4,3,6,4,3,5,6,4,3,5,5,3,4,2,4,4,3,2,3,2,2,3,2,1,3,3,2,2,4,4,5,2,2,2,3,3,1,4,2,2,3,2,2,2,2,2,1,2,2,4,2
142,2,1,1,2,2,80,6,5,4,3,3,6,5,5,4,4,4,3,4,4,4,3,5,6,5,5,5,5,6,3,4,6,6,6,6,6,3,5,6,5,5,3,6,5,6,6,5,6,5,4,5,6,5,5,5,5,4,6,3,3,3,6,5,4,6,7,4,5,5,4,4,4,6,4,5,6,6,3,4,6,4,4,4,4,4,6,6,4,4,4,3,4,4,4,4,4,4,4,6,5,4,4,4,4,4,4,3,5,4,4,3,4,4,3,4,3,4,4,4,3,4
143,2,1,1,2,2,90,6,5,5,4,4,5,5,5,5,4,5,4,3,4,5,5,3,6,5,5,5,5,6,5,5,5,4,4,4,4,4,5,5,5,5,4,6,5,5,6,5,6,5,5,5,6,6,5,6,6,5,5,5,5,4,5,6,4,6,6,5,5,5,4,4,3,4,3,4,5,4,5,4,4,4,6,5,5,5,5,7,5,5,4,5,5,5,5,5,5,5,5,6,4,5,5,4,5,5,4,4,4,4,4,5,4,4,5,5,3,4,4,4,3,4
144,2,1,1,1,2,20,6,6,5,5,7,7,6,7,6,5,4,5,5,6,5,2,2,5,6,2,4,1,2,4,1,5,2,1,2,2,1,1,1,7,2,1,2,5,6,4,4,7,5,2,3,6,5,6,5,4,6,7,6,1,2,7,1,6,7,6,7,5,5,1,2,3,7,4,7,7,4,6,5,4,1,5,5,6,7,6,6,4,6,6,6,7,6,5,6,6,5,6,7,6,7,7,5,6,7,5,6,7,7,7,5,6,6,7,6,6,5,5,7,6,7
145,2,1,1,1,2,30,6,5,2,1,3,1,1,1,1,1,2,4,2,2,1,1,1,1,1,1,1,1,2,1,1,3,1,1,3,1,1,1,3,2,1,1,1,1,3,2,1,2,3,1,1,5,2,4,5,4,4,4,4,2,1,2,4,3,4,4,4,1,1,2,4,5,4,1,6,4,6,5,5,5,3,4,5,2,4,7,6,1,4,2,1,4,1,3,2,1,3,2,4,3,5,3,2,2,4,5,1,4,1,4,1,2,6,2,2,1,1,1,2,1,2
146,2,1,1,2,2,80,6,7,7,1,6,6,4,5,5,3,4,2,3,3,4,5,6,5,6,2,7,5,6,5,7,6,5,6,4,5,5,3,5,6,7,3,5,5,7,7,7,6,7,7,7,7,7,7,7,7,7,7,7,4,3,7,7,5,7,7,7,6,6,4,4,2,5,4,4,5,6,6,4,5,4,5,5,3,4,6,6,3,3,4,1,5,5,5,6,5,5,4,5,6,5,6,4,6,4,5,6,5,5,3,3,4,4,4,3,4,3,3,5,4,4
147,2,1,1,1,2,20,6,7,5,3,7,5,3,7,4,2,1,2,3,7,5,4,1,2,4,1,2,1,1,2,1,3,1,5,1,2,2,1,1,4,1,1,1,2,7,3,3,2,1,1,1,3,2,4,5,1,2,4,2,2,1,5,1,7,4,3,3,3,2,2,4,5,5,4,4,2,7,4,4,4,3,7,5,4,7,7,7,2,7,5,4,5,4,5,4,4,3,4,5,7,4,5,2,5,5,2,1,4,1,4,3,5,4,4,4,4,5,4,3,4,2
148,1,1,1,1,2,50,6,4,4,3,3,3,4,1,6,3,3,3,2,2,3,4,4,2,3,3,4,5,3,3,3,3,2,4,4,5,3,3,3,7,3,5,2,2,3,3,4,3,3,4,3,2,4,3,4,3,3,2,4,3,4,2,3,3,5,3,5,5,3,4,1,3,4,3,2,3,1,3,3,3,3,3,3,3,2,1,3,1,2,2,3,2,4,6,3,4,3,4,3,2,5,2,3,3,3,4,7,3,3,3,3,1,2,4,3,3,4,2,2,3,4
149,2,1,1,1,2,21,6,4,1,1,4,4,1,1,1,1,1,3,1,2,3,1,2,3,4,1,6,2,4,1,4,6,2,1,1,2,1,4,1,1,4,2,4,2,2,4,4,4,2,4,3,5,6,4,5,5,5,4,1,1,1,6,2,5,5,4,2,1,4,1,1,1,1,1,1,1,1,1,1,4,1,5,1,4,5,3,5,1,4,1,1,5,1,1,2,1,1,1,6,4,4,1,1,1,1,1,1,1,4,1,1,1,1,2,1,1,1,1,1,1,1
150,2,1,1,1,2,20,6,7,7,7,7,7,7,7,1,7,1,1,3,5,5,7,7,7,7,1,7,7,7,7,7,7,7,7,7,7,7,1,7,7,7,7,7,7,7,7,7,7,7,7,7,7,7,7,7,7,7,5,7,7,7,7,7,7,7,7,7,7,7,7,6,6,1,1,7,7,7,1,7,5,7,6,7,3,7,7,7,7,6,7,7,7,7,7,7,7,7,7,7,7,7,7,1,7,6,7,7,7,1,7,5,7,6,4,7,3,7,3,7,7,7
151,2,1,1,1,2,60,6,5,5,4,6,6,5,6,7,7,6,6,5,6,6,6,5,4,4,1,5,4,4,5,4,6,6,2,6,5,2,2,5,4,2,3,4,4,6,6,5,6,7,6,5,7,6,7,7,6,5,7,7,6,4,5,6,5,7,6,7,5,5,2,2,7,6,6,7,5,6,4,6,4,5,7,5,5,5,7,6,5,4,4,4,7,5,5,5,5,6,6,7,6,7,5,7,7,6,7,5,7,6,6,5,5,6,7,6,5,5,6,6,6,5
152,2,1,1,2,2,80,6,7,4,4,1,7,4,7,4,4,4,4,4,2,4,4,4,4,4,4,7,4,4,4,4,5,4,4,4,7,4,4,3,4,4,1,4,4,4,4,4,7,5,1,4,2,4,4,4,5,4,4,6,4,5,4,7,4,4,6,6,4,4,1,4,3,4,1,4,4,4,2,4,2,4,4,4,3,5,4,7,4,4,4,4,1,7,4,4,4,7,4,5,4,7,4,2,4,3,3,4,4,4,7,7,3,2,4,5,2,4,4,4,2,2
153,2,1,1,2,2,80,6,7,7,1,7,5,6,7,7,7,1,5,1,4,5,1,1,1,1,1,6,1,3,1,1,1,3,1,1,3,1,1,4,1,1,1,1,5,6,7,6,6,6,5,1,6,7,5,7,5,1,3,7,7,1,5,7,5,7,7,7,1,5,7,3,1,1,5,7,1,5,1,1,5,1,7,5,5,5,6,6,1,1,5,7,7,7,7,7,7,7,6,4,7,7,7,7,7,2,5,5,6,7,6,7,1,5,7,7,1,7,7,6,5,6
154,1,1,1,1,2,70,6,4,4,4,4,5,4,6,5,4,4,3,4,5,5,4,4,4,4,3,4,4,4,4,4,4,4,4,4,5,4,5,4,5,4,4,4,3,5,5,6,5,4,4,4,5,5,4,5,5,4,4,4,5,4,5,5,5,4,4,4,4,3,5,4,4,4,4,5,4,4,5,4,2,4,5,4,5,6,6,6,4,5,5,4,4,5,4,4,5,4,4,5,4,4,4,4,4,5,4,4,5,4,4,4,4,6,5,4,6,4,4,4,4,4
155,2,1,1,2,2,80,6,5,5,4,3,6,4,5,4,5,5,5,4,1,1,6,3,5,3,6,5,6,2,3,5,4,6,3,5,6,6,5,3,2,5,1,5,4,6,6,5,6,5,4,5,6,4,5,6,5,4,5,3,2,3,5,5,4,4,6,4,5,4,4,5,7,5,5,7,6,7,5,3,6,5,5,4,5,4,5,4,3,5,2,3,4,2,2,2,2,2,2,6,4,2,2,3,4,3,4,2,5,2,2,4,2,3,4,2,2,2,2,2,4,3
156,2,1,1,1,2,48,6,6,6,6,6,6,7,6,7,6,7,6,6,7,6,7,4,5,7,4,7,5,7,6,6,7,7,7,7,7,5,4,7,5,4,3,5,4,7,7,7,7,4,7,7,7,7,6,7,7,6,7,5,6,3,7,6,7,7,7,6,6,7,6,5,4,6,6,5,7,7,4,5,6,7,6,6,6,4,6,7,3,4,4,7,5,5,4,5,5,5,4,7,6,5,5,5,5,5,5,4,5,5,6,4,5,4,6,6,5,4,6,6,6,6
157,1,1,1,2,2,95,6,5,4,1,5,5,4,5,4,4,5,5,4,5,5,4,4,5,4,3,5,4,6,5,5,7,5,3,3,5,5,1,3,3,4,1,5,3,4,5,7,6,4,5,5,7,6,5,7,5,2,5,4,2,4,4,5,6,6,2,5,5,2,4,4,5,6,5,6,5,4,6,2,4,4,7,4,4,3,4,2,3,4,5,5,6,6,5,5,6,6,4,6,6,6,6,5,6,7,4,5,1,5,4,6,5,5,5,5,6,5,5,4,5,3
158,2,1,1,2,2,91,6,7,7,7,7,7,7,7,7,7,7,7,7,7,7,7,1,5,7,1,7,3,6,7,6,7,6,3,1,2,7,1,7,7,1,1,3,7,7,7,7,7,6,7,3,7,7,7,7,7,7,5,2,7,1,6,7,7,7,7,2,2,2,1,1,7,1,2,7,5,1,6,3,1,3,7,6,7,6,7,7,6,7,7,7,7,7,7,7,7,7,7,7,6,7,7,7,4,4,2,1,6,7,6,7,5,7,7,7,6,5,7,7,7,6
159,2,1,1,2,3,100,7,4,4,3,4,3,4,4,5,4,5,4,4,4,3,3,3,5,3,3,5,5,4,4,3,5,5,2,3,5,6,5,4,4,2,3,5,4,6,5,5,6,4,3,4,6,5,5,6,6,5,4,2,3,3,5,4,4,5,6,4,4,4,4,4,4,4,4,4,5,6,4,4,6,4,4,4,4,4,5,5,3,5,4,3,4,4,4,4,4,5,4,4,6,4,5,4,4,4,4,3,5,4,4,4,3,4,4,4,3,3,4,4,3,4
160,2,1,1,2,3,82,7,4,4,3,4,3,4,4,6,5,5,4,4,3,3,3,3,3,3,2,3,3,3,4,3,5,4,3,4,4,4,3,3,2,3,3,3,4,6,4,4,6,3,3,4,6,6,6,6,6,6,6,6,6,3,6,5,5,6,5,4,3,4,4,3,4,5,4,5,4,4,4,3,3,4,5,5,5,5,5,4,4,4,5,4,6,5,5,5,4,5,5,6,5,6,4,4,4,5,4,3,4,5,4,5,3,3,4,4,6,4,4,6,6,6
161,1,1,1,1,3,50,7,6,6,6,6,6,6,6,6,6,6,6,5,6,5,4,6,6,6,5,6,4,6,5,6,6,4,4,4,4,4,5,6,4,4,4,4,6,4,6,6,6,4,4,6,6,6,6,6,6,6,6,6,5,6,6,6,6,6,5,6,6,4,4,5,7,6,6,4,6,6,6,6,5,6,7,6,6,6,6,6,6,6,6,6,6,6,6,6,6,6,6,6,6,6,7,5,6,5,4,6,6,6,6,6,4,5,6,6,5,6,6,6,6,6
162,1,1,1,1,3,20,7,5,1,4,3,4,4,6,5,5,3,2,3,6,3,4,3,3,3,4,5,4,4,5,4,2,4,4,4,4,4,3,4,4,4,3,3,4,2,4,4,4,4,4,4,4,4,4,5,3,4,3,4,4,4,5,5,4,4,4,5,4,5,4,5,5,5,3,5,3,5,4,5,6,4,4,5,5,4,3,4,4,4,5,3,3,4,5,3,5,4,4,3,3,5,2,4,2,4,4,3,3,4,3,3,5,3,6,4,3,4,4,5,4,3
163,1,1,1,1,3,58,7,3,2,3,5,5,5,4,5,2,6,5,3,4,3,3,3,4,3,5,5,5,4,3,3,3,5,4,5,5,3,4,5,1,5,2,4,4,4,5,3,6,6,5,3,5,5,4,5,5,4,3,2,2,4,2,5,5,7,3,5,3,3,2,3,3,3,3,4,5,5,4,2,3,3,5,4,4,4,5,4,3,5,4,3,3,3,3,2,3,3,4,4,4,6,5,5,3,2,2,3,5,5,3,5,2,2,3,3,4,2,5,4,4,3
164,2,1,1,1,3,67,7,5,5,6,6,5,4,6,4,3,3,4,4,4,4,5,3,5,6,5,6,4,5,5,6,6,6,4,5,4,5,4,5,6,5,3,4,6,6,6,6,6,6,6,6,6,6,6,6,6,6,6,6,5,5,6,6,6,6,6,6,5,6,4,4,6,5,5,6,6,6,6,6,6,4,6,6,5,6,6,4,3,4,4,4,4,4,4,4,4,4,4,7,4,5,4,4,6,6,6,5,6,3,6,3,4,6,5,5,4,5,4,5,4,4
165,2,1,1,2,3,96,7,4,4,6,4,3,4,5,5,5,6,4,3,2,4,4,3,4,2,3,6,6,5,6,3,5,6,2,4,5,3,5,3,6,5,2,6,4,6,6,4,5,5,4,4,6,6,5,5,6,2,6,2,1,2,6,6,4,4,6,2,5,4,4,4,6,5,4,5,4,6,5,4,6,4,5,3,2,2,2,3,1,1,3,2,2,3,3,3,3,4,3,4,5,3,4,4,3,4,3,2,3,4,3,2,4,4,3,3,3,2,4,3,3,3
166,2,1,1,1,3,50,7,2,2,3,2,2,2,3,4,3,2,2,2,2,2,1,2,3,2,1,2,2,2,2,3,2,4,2,2,3,2,2,2,2,2,2,3,4,3,2,2,2,2,2,2,2,2,2,3,2,2,2,2,2,2,2,2,2,2,1,3,2,2,4,4,4,2,2,5,3,3,2,3,4,2,5,2,3,2,5,4,2,2,2,2,2,3,2,2,2,2,2,1,4,2,2,3,2,3,4,2,4,2,2,3,2,2,2,2,3,2,2,2,2,3
167,2,1,1,2,3,80,7,7,7,7,7,5,4,7,7,7,5,7,7,7,4,7,4,7,7,2,7,3,1,6,7,7,7,7,7,7,7,2,4,5,7,4,7,7,5,7,6,6,7,7,7,7,7,7,7,7,7,5,7,4,7,5,7,6,7,4,4,1,4,7,1,5,7,7,7,7,7,7,3,7,6,7,7,7,7,7,7,7,6,7,7,7,7,7,7,7,7,7,7,5,7,7,5,7,7,7,7,7,7,7,6,7,7,7,7,7,7,7,7,5,4
168,2,1,1,2,3,99,7,7,7,4,7,7,7,7,7,7,7,6,7,7,7,7,2,6,2,6,6,1,5,6,5,7,7,2,5,7,4,4,5,6,4,1,4,5,5,5,4,7,4,1,5,7,6,7,6,4,7,7,7,7,2,7,4,7,7,7,7,6,5,2,2,7,7,7,7,7,7,4,7,7,7,7,7,7,7,7,7,7,7,7,7,7,7,7,7,7,7,7,7,7,7,7,7,7,6,7,6,7,7,7,7,7,5,7,7,6,7,7,7,7,7
169,2,1,1,2,3,95,7,5,6,5,5,7,5,6,3,6,6,7,7,6,5,5,1,4,1,1,1,1,1,1,1,1,1,1,1,1,1,1,1,1,1,1,1,1,1,7,1,4,1,1,1,1,1,1,1,3,5,1,1,1,5,1,1,4,5,5,1,1,1,1,1,5,7,6,6,7,7,6,7,7,7,7,7,6,7,7,6,7,7,7,5,3,7,7,7,7,7,7,1,7,7,7,6,7,7,7,7,7,7,7,6,7,7,7,7,5,7,7,1,1,5
170,1,1,1,2,3,79,7,4,5,3,4,5,6,6,5,5,5,6,5,6,1,5,5,6,5,6,4,6,6,6,4,6,6,4,5,4,6,6,7,4,4,5,5,6,6,5,5,6,7,5,5,6,6,5,5,6,5,5,6,6,6,6,6,6,6,5,5,6,5,4,5,4,6,7,5,7,6,6,4,6,6,7,4,6,6,7,2,5,6,5,6,7,5,6,6,5,4,5,6,6,7,5,6,5,6,4,5,6,5,6,3,6,5,6,5,5,5,5,5,5,4
171,1,1,1,1,3,34,7,1,2,1,3,1,1,1,2,1,2,1,1,1,1,2,2,3,2,3,2,1,2,2,4,1,2,2,3,4,2,1,1,2,1,2,2,4,3,2,4,3,3,3,1,4,5,3,2,2,3,4,2,1,2,1,3,2,1,4,1,3,2,2,4,6,2,2,2,1,3,3,1,2,1,3,1,3,1,3,3,2,1,2,3,1,1,2,1,3,2,2,1,2,4,2,1,1,3,2,3,2,3,5,1,2,3,5,1,1,1,1,1,1,1
172,1,1,1,1,3,30,7,4,2,3,4,6,4,5,4,4,4,3,7,5,4,5,5,6,4,4,4,4,4,2,5,5,3,5,6,3,4,3,4,4,6,3,3,5,2,3,5,3,6,3,5,3,3,3,5,5,2,5,6,5,5,3,2,4,6,3,7,2,6,4,4,3,3,4,7,3,6,4,3,7,2,6,5,3,5,4,6,2,5,7,2,7,3,3,3,5,3,4,4,3,2,2,5,3,4,6,6,4,4,3,3,2,6,4,3,2,2,6,3,5,7
173,2,1,1,1,3,70,7,5,4,4,4,6,3,4,3,3,3,4,4,5,4,3,3,3,3,3,5,3,5,4,3,5,3,3,4,3,2,2,3,4,2,2,3,4,4,4,4,5,2,2,4,5,5,5,5,5,6,6,4,5,4,5,4,5,5,3,4,5,5,2,3,7,4,5,5,4,5,4,5,6,3,6,4,5,4,5,6,3,4,7,3,5,7,7,7,7,5,7,6,6,7,7,3,7,4,5,4,5,7,5,7,5,6,6,5,6,4,6,5,5,5
174,2,1,1,2,3,100,7,5,6,5,5,4,5,6,4,7,6,6,6,6,5,6,6,7,7,5,5,7,6,7,7,5,7,6,6,7,7,5,7,6,5,5,5,5,7,6,7,6,5,6,5,4,3,4,6,7,7,5,5,6,6,6,5,5,7,3,4,7,3,7,5,5,4,7,4,7,6,5,7,5,7,7,6,7,7,7,7,7,5,5,7,6,6,7,5,5,5,7,5,6,5,4,7,7,5,7,7,6,6,7,3,5,7,6,5,6,6,5,6,5,7
175,2,1,1,1,3,68,7,5,5,3,5,5,6,5,5,4,5,4,2,5,4,5,3,3,1,3,5,1,1,4,1,4,3,1,1,3,1,3,1,4,1,1,1,5,4,2,1,5,3,1,4,6,5,6,5,6,5,6,3,5,4,5,4,6,6,5,5,1,4,4,4,5,4,1,4,2,5,5,5,5,1,6,3,4,3,7,7,5,5,5,4,7,7,5,6,7,5,5,7,7,7,7,6,7,5,2,2,5,5,3,7,5,7,5,3,6,3,5,5,5,1
176,2,1,1,1,3,20,7,3,6,3,1,6,4,6,2,4,3,4,1,3,2,4,5,1,4,4,7,5,5,3,2,2,4,2,5,4,2,4,5,4,4,3,7,3,5,5,4,2,5,3,7,2,6,4,4,4,3,5,5,2,7,4,5,5,1,3,2,4,5,3,2,4,2,6,6,4,3,6,4,6,5,7,4,2,5,7,4,4,4,5,4,6,5,7,3,5,3,3,2,2,3,4,5,3,5,2,4,3,4,5,5,4,4,7,3,4,3,2,3,3,1
177,1,1,1,1,3,30,7,5,4,4,6,2,1,1,3,1,1,2,2,1,1,1,7,4,1,7,7,5,4,7,1,5,1,3,2,7,4,4,6,5,3,6,3,1,7,2,1,4,4,5,3,5,3,2,4,2,6,3,7,1,2,7,5,3,2,5,1,2,5,2,4,1,3,4,3,4,2,1,7,7,5,7,5,7,2,3,7,1,7,2,2,1,7,4,6,1,1,3,1,7,6,4,7,5,1,4,7,5,2,1,7,3,3,4,2,1,6,7,1,6,5
178,2,1,1,1,3,24,7,1,1,1,1,1,1,1,1,1,1,1,1,1,1,1,1,1,1,2,1,1,1,1,1,6,1,1,1,1,1,4,1,1,1,1,1,1,1,1,1,7,1,1,1,1,2,1,1,1,1,1,1,1,1,1,1,2,1,1,1,1,1,1,5,1,2,3,2,3,4,2,2,1,2,2,3,5,1,1,2,1,1,1,1,1,1,2,1,1,1,1,2,1,1,1,2,4,4,4,4,5,1,4,1,1,5,1,1,1,1,1,1,1,1
179,1,1,1,1,3,70,7,7,4,4,2,4,2,6,6,7,4,1,1,4,5,3,1,4,4,1,7,7,4,4,7,7,4,3,7,5,5,1,7,5,7,7,4,7,7,7,7,7,7,7,6,7,7,7,7,7,7,7,5,7,5,7,7,4,7,7,6,1,7,5,6,4,1,1,1,7,1,7,2,1,1,7,2,1,1,1,6,5,4,6,4,2,4,4,6,7,4,4,7,6,7,4,4,5,7,3,1,4,4,5,4,1,7,1,3,1,4,1,4,1,3
180,1,1,1,2,3,86,7,4,5,4,3,6,4,5,5,5,4,4,2,4,3,4,3,4,3,4,6,4,5,5,4,6,6,4,6,5,5,4,4,5,4,2,4,5,5,5,5,6,3,4,4,6,5,5,5,6,5,5,5,6,3,6,5,6,5,6,3,4,4,5,5,6,2,4,5,5,6,5,3,6,4,6,5,5,6,5,5,2,4,5,3,3,5,4,4,6,5,4,5,5,4,5,4,5,5,4,3,4,5,5,6,5,5,6,4,4,3,3,3,3,4
181,1,1,1,2,3,80,7,1,2,4,3,5,3,6,3,2,3,3,1,2,2,4,1,2,5,3,5,1,2,4,3,3,2,2,1,2,1,1,1,1,3,1,2,1,7,7,4,7,6,5,3,5,2,3,4,4,5,7,1,1,1,6,6,6,2,6,5,2,4,1,5,4,4,4,1,7,4,6,3,4,4,4,2,2,3,4,2,1,2,1,1,2,2,1,2,1,3,2,3,5,5,3,1,2,2,2,3,4,2,3,2,2,5,1,2,1,1,2,2,1,1
182,2,1,1,1,3,50,7,1,1,2,2,1,1,5,2,2,2,4,1,1,3,1,1,1,1,2,2,2,3,3,3,2,3,2,1,1,2,2,2,3,1,2,2,1,2,3,3,3,2,2,4,3,3,1,3,3,3,4,2,1,1,3,3,4,2,2,1,1,2,6,1,6,4,4,5,5,7,4,5,3,5,5,3,2,2,4,5,1,2,1,2,1,1,3,1,3,2,1,2,1,2,1,3,4,1,4,2,5,1,5,5,1,3,2,5,2,4,4,1,2,3
183,2,1,1,1,3,50,7,3,2,4,1,5,7,6,7,7,2,1,2,4,2,1,3,7,5,5,2,6,3,2,7,7,7,7,4,6,5,4,7,3,7,7,5,7,7,7,4,7,7,7,7,7,7,7,7,7,7,1,7,3,3,7,7,7,7,7,4,1,7,4,5,1,7,2,7,7,7,4,7,7,5,3,7,3,6,7,7,1,5,1,1,7,1,3,2,4,5,1,7,4,6,1,1,7,3,7,7,4,3,5,2,7,2,2,4,1,6,2,4,1,4
184,1,1,1,1,3,70,7,4,4,1,1,4,4,4,4,4,4,3,4,1,1,2,2,4,4,4,4,5,4,4,4,4,4,5,5,4,6,6,7,1,1,4,4,4,5,6,4,4,1,4,4,3,4,4,1,3,1,4,1,3,1,4,1,3,4,6,3,4,3,3,4,5,4,2,5,3,2,6,4,4,2,4,5,4,2,4,3,1,3,4,4,1,4,5,5,4,4,1,4,4,1,4,2,4,3,4,4,4,4,2,4,4,4,4,4,4,3,4,1,4,5
185,1,1,1,2,3,98,7,6,7,1,7,5,7,7,7,7,7,7,5,7,7,1,7,7,1,1,4,1,7,1,1,7,7,1,7,5,1,1,1,1,1,1,7,1,1,5,7,1,1,1,7,7,4,7,1,1,1,7,5,7,1,7,1,7,7,7,7,7,1,1,7,7,7,5,7,7,1,7,1,1,1,7,7,7,7,7,7,7,7,7,7,7,7,7,7,7,7,7,7,7,7,7,7,7,7,1,5,7,7,7,7,7,7,7,7,7,7,7,7,7,1
186,2,1,1,2,3,97,7,5,5,5,4,5,6,5,5,4,5,3,5,4,5,7,5,7,5,5,5,4,3,5,4,5,6,5,5,5,5,4,6,5,5,5,7,5,5,6,5,5,5,5,5,5,7,4,5,6,5,5,5,5,5,7,5,5,6,5,5,4,5,5,5,5,5,6,3,4,5,5,5,4,7,5,5,5,5,6,5,7,5,5,5,7,5,3,7,5,4,5,5,3,7,5,5,5,5,5,5,5,5,5,5,5,4,5,4,5,5,5,5,5,4
187,2,1,1,2,3,90,7,2,1,1,2,2,1,3,1,1,2,1,2,1,1,2,2,2,1,1,3,1,1,2,2,3,3,1,3,1,2,1,1,2,1,3,3,2,1,1,2,1,2,2,1,1,1,2,1,3,3,1,1,2,3,1,1,2,1,2,2,1,2,1,2,1,1,3,3,1,2,3,2,1,1,1,3,3,1,2,1,2,2,1,1,3,2,2,1,3,1,2,1,3,1,2,2,2,2,2,2,1,2,3,1,1,2,2,2,1,2,3,1,2,3
188,2,1,1,2,3,92,7,4,1,1,3,4,1,5,4,3,5,5,5,5,4,3,1,1,1,2,2,1,2,1,4,5,2,2,1,2,5,2,1,1,1,1,1,1,1,1,2,5,1,1,1,7,6,7,6,7,6,6,3,3,1,5,2,5,5,5,1,2,1,4,4,4,5,5,4,7,7,5,6,7,3,6,5,5,6,4,4,2,4,1,4,6,4,4,1,4,3,4,5,6,7,4,5,4,4,4,4,1,3,4,4,4,5,4,3,3,4,4,4,3,4
189,2,1,1,2,3,75,7,7,7,1,7,7,6,5,5,3,6,6,5,5,4,4,5,4,1,4,7,3,5,5,7,6,6,1,5,5,2,3,4,1,2,1,3,7,7,7,6,7,4,6,6,7,7,7,7,7,7,6,7,7,2,7,7,6,7,5,4,3,1,2,4,5,4,2,4,7,7,5,5,6,7,7,7,7,7,7,7,6,5,5,4,6,6,5,5,4,4,5,4,5,6,6,4,4,2,4,4,3,4,4,2,4,4,4,2,2,4,4,6,3,4
190,1,1,1,2,3,93,7,7,7,3,7,7,7,7,7,7,7,7,7,7,7,7,3,7,5,5,7,5,5,7,6,5,7,7,7,7,6,1,5,6,6,2,5,3,5,4,3,5,7,7,5,6,6,7,5,6,7,7,5,7,5,4,6,7,7,5,7,3,6,2,2,7,7,7,5,7,5,7,7,1,4,7,7,7,7,7,7,7,7,7,7,7,7,7,7,7,7,7,7,7,7,7,7,7,7,7,7,7,7,7,7,7,7,6,7,7,7,7,7,7,5
191,2,1,1,1,3,50,7,1,1,1,1,1,1,1,1,1,1,1,1,1,1,1,1,1,1,1,1,1,1,1,1,1,5,1,4,5,1,1,1,1,1,1,1,1,1,1,1,1,1,1,1,1,1,1,4,1,1,1,1,1,1,1,1,1,1,1,1,1,1,4,4,1,1,1,4,5,1,4,4,1,1,4,4,1,1,4,4,1,1,1,1,1,1,1,1,1,1,1,1,1,1,1,2,1,1,1,1,4,1,1,1,1,1,1,1,1,1,1,1,1,1
192,2,1,1,1,3,60,7,6,6,3,3,4,4,6,5,4,2,4,2,1,2,3,5,2,4,2,4,2,3,2,5,4,2,3,4,2,3,2,3,2,4,3,3,4,3,6,5,5,6,6,5,6,6,6,6,6,6,6,5,4,2,6,6,4,6,5,5,4,3,5,5,4,4,4,5,3,6,4,4,5,4,5,4,1,5,5,4,1,1,2,2,6,1,2,2,1,2,2,5,6,5,5,2,4,4,3,2,2,2,3,1,2,2,2,4,2,2,2,2,2,2
193,2,1,1,1,3,30,7,1,1,1,1,1,1,4,1,1,1,4,1,1,1,1,1,1,1,1,6,1,2,5,4,4,3,1,1,1,1,1,2,2,1,1,1,6,3,2,4,4,1,5,6,7,6,1,7,6,4,5,1,1,1,7,5,3,5,3,1,2,1,3,4,4,7,6,5,7,7,6,6,4,6,4,1,3,1,5,1,1,3,1,1,1,1,1,1,1,1,1,4,1,3,2,1,6,3,7,1,7,1,7,1,1,4,1,1,2,1,1,1,1,1
194,2,1,1,2,3,83,7,7,7,5,5,5,6,7,6,5,6,4,5,6,5,5,4,6,6,4,7,7,5,6,5,4,7,7,7,7,7,3,7,6,6,5,4,4,6,5,4,4,4,4,4,7,7,5,6,6,7,6,7,6,5,4,4,6,7,6,4,4,4,6,3,4,6,6,7,6,7,4,6,7,6,7,6,4,6,5,5,5,4,2,5,5,4,5,4,3,5,5,6,6,3,5,5,5,4,4,7,4,3,6,5,6,4,4,5,5,5,6,6,5,4
195,2,1,1,1,3,70,7,1,4,1,3,1,3,1,5,3,1,2,1,1,1,1,1,5,4,1,4,1,3,2,4,1,4,2,4,4,4,2,4,1,1,1,4,2,2,4,2,2,1,2,4,4,2,4,3,3,4,4,5,3,1,4,2,3,5,4,3,5,5,4,3,5,3,4,5,5,6,5,4,5,5,4,1,2,3,5,5,1,1,2,5,2,3,2,3,2,3,1,5,2,4,2,2,3,1,5,2,4,1,3,2,4,2,4,2,4,1,4,2,4,4
196,1,1,1,1,3,10,7,7,7,1,5,1,1,3,1,1,1,6,1,2,4,1,5,1,4,1,5,1,4,1,5,5,5,5,4,5,1,1,1,1,3,1,3,1,1,1,4,1,4,1,3,1,5,6,1,4,1,1,2,1,7,1,5,1,1,1,5,1,1,4,4,1,1,2,6,6,4,1,1,4,1,4,4,4,1,6,4,1,2,4,1,2,5,4,4,6,4,4,1,4,4,5,1,4,1,1,1,4,1,4,2,2,1,1,2,1,4,1,1,1,1
197,2,1,1,1,3,60,7,3,3,3,4,3,2,4,5,4,2,4,4,4,4,4,2,2,2,2,2,2,2,2,2,2,4,2,4,5,2,2,2,2,2,2,2,2,2,2,2,5,2,2,2,5,4,4,5,4,3,4,2,2,2,3,3,5,3,2,2,2,2,2,5,3,5,4,4,4,5,6,3,5,2,5,2,2,2,5,6,4,2,2,2,2,4,4,4,2,3,2,2,4,4,3,4,2,4,2,3,4,2,2,2,2,3,2,2,2,2,2,2,2,2
198,1,1,1,1,3,60,7,3,2,3,3,2,4,2,3,4,4,4,3,2,4,2,4,3,2,3,3,3,3,4,4,3,4,3,2,3,3,4,4,4,5,2,3,2,2,4,3,6,3,3,3,3,3,4,4,3,3,4,4,3,3,6,4,5,2,6,4,4,4,4,3,3,3,3,5,2,1,5,4,2,2,5,4,4,2,5,6,1,4,2,2,4,2,2,4,2,3,1,3,3,4,3,4,3,5,4,2,3,3,3,3,3,3,3,3,4,3,3,2,4,4
199,2,1,1,1,3,70,7,5,3,1,5,3,1,6,6,2,3,4,1,2,3,1,1,7,1,3,2,2,7,5,1,4,7,1,7,7,1,4,1,2,1,1,4,7,7,7,7,7,1,1,1,7,5,4,6,6,4,7,1,1,1,5,4,6,4,7,5,7,7,4,4,6,7,4,7,4,2,1,2,1,1,7,1,4,4,5,7,4,7,4,2,4,5,4,6,4,5,4,7,6,4,2,4,6,3,2,4,7,2,5,4,5,7,4,4,4,7,2,4,1,4
200,2,1,1,2,3,100,7,7,1,4,7,4,4,7,7,7,4,4,4,7,7,1,1,1,1,1,1,1,1,1,1,1,4,1,4,1,1,1,1,1,1,1,1,1,1,1,1,1,1,1,1,1,1,7,1,1,4,4,5,4,7,1,1,7,1,1,4,1,1,1,1,1,4,4,7,6,4,1,4,7,1,7,7,7,7,7,7,4,7,7,7,7,7,7,7,7,7,4,4,7,7,7,7,7,4,4,7,7,7,7,7,4,7,7,7,7,7,4,7,7,1
201,2,1,1,1,3,60,7,7,7,3,3,6,7,7,5,4,5,5,5,6,5,5,3,7,6,5,7,7,7,6,4,7,7,6,7,7,7,5,5,6,7,3,7,6,6,6,7,7,4,3,6,7,7,7,7,7,7,7,6,6,4,7,7,7,7,4,7,7,7,3,4,6,3,3,7,6,7,6,5,7,6,5,5,6,5,6,5,5,5,6,7,7,6,6,6,7,5,7,7,7,6,6,7,6,6,5,6,6,6,5,6,6,5,7,6,6,6,6,7,6,4
202,2,1,1,1,3,56,7,2,2,1,1,2,2,5,4,1,2,2,2,4,4,3,2,1,1,4,4,3,2,2,5,3,3,4,2,2,2,4,6,2,3,1,2,1,4,3,2,5,1,1,3,5,4,2,5,5,2,5,5,1,2,5,5,4,3,2,3,3,2,2,3,2,4,3,3,1,5,3,3,5,6,4,3,2,2,5,5,4,4,4,1,1,4,4,4,3,1,5,4,5,6,5,5,5,4,6,2,6,3,4,3,3,5,2,5,3,4,4,3,3,1
203,2,1,1,2,3,75,7,6,5,1,5,4,5,5,5,3,3,1,1,4,2,1,3,4,4,2,4,3,5,4,4,4,5,3,4,5,3,5,4,1,3,3,5,4,4,6,4,6,5,4,5,5,4,5,6,5,4,4,6,4,5,6,5,5,3,6,1,3,4,4,4,1,3,1,5,5,6,5,1,2,4,6,6,6,6,5,7,5,5,4,5,4,4,4,4,3,4,5,6,5,5,5,2,5,1,5,3,5,3,2,2,4,1,2,4,1,3,4,6,2,4
204,1,1,1,1,3,21,7,1,1,1,1,1,1,1,1,1,1,1,1,1,1,1,1,1,1,1,1,1,1,1,1,1,1,1,1,1,1,1,1,1,1,1,1,1,1,1,3,3,1,2,4,4,1,1,1,1,1,1,1,1,1,2,1,2,1,1,1,1,1,1,1,1,5,1,5,5,1,1,3,1,2,1,1,1,1,1,1,1,1,1,1,1,1,1,1,1,1,1,1,2,1,1,1,1,1,1,1,1,1,1,1,1,4,1,1,1,1,1,1,1,1
205,2,1,1,1,3,20,7,1,1,1,1,1,1,1,1,1,1,1,1,1,1,1,1,1,1,1,1,1,1,6,1,5,1,1,1,1,1,1,1,4,1,1,1,1,1,1,1,6,1,1,1,1,1,1,7,7,1,1,1,1,1,1,1,1,1,5,1,1,1,1,7,1,1,1,1,1,1,1,1,1,1,2,1,1,1,6,1,1,1,1,1,1,1,1,1,1,1,1,4,1,1,1,1,1,4,1,1,1,1,1,1,1,1,1,1,1,1,1,1,1,1
206,2,1,1,1,3,60,7,4,4,4,5,4,5,5,5,6,3,6,5,5,5,5,5,4,4,3,4,4,5,4,4,4,5,4,6,5,4,4,4,4,4,4,4,4,5,4,4,5,4,4,3,5,4,6,4,5,4,4,5,4,4,5,4,4,4,6,4,4,3,4,5,7,5,4,5,6,7,3,4,4,4,6,6,5,5,5,6,5,6,5,5,4,6,5,6,4,6,6,4,6,6,5,6,4,4,4,4,6,5,6,5,4,6,4,4,4,5,5,5,4,4
207,2,1,1,1,3,30,7,2,2,5,6,2,2,3,2,1,2,4,2,2,2,1,2,2,2,2,2,2,2,5,4,5,2,2,2,2,2,2,1,2,1,2,2,2,6,2,2,5,6,2,2,2,2,5,2,2,5,6,1,2,2,2,4,5,2,4,2,2,7,4,7,2,7,7,7,6,7,6,6,7,6,2,4,2,2,2,5,2,2,2,2,2,2,2,2,2,1,2,4,5,2,2,7,2,4,5,5,6,2,5,2,2,3,3,1,4,2,2,2,2,5
208,2,1,1,2,3,100,7,7,7,7,7,5,7,7,7,7,7,7,7,7,7,7,1,1,1,1,6,1,3,7,7,2,5,5,7,6,3,1,5,1,3,1,1,1,2,5,2,5,1,1,1,7,5,7,6,7,7,7,7,7,7,7,2,7,7,1,7,2,2,1,1,7,7,7,7,7,7,7,7,7,7,7,7,7,7,7,5,7,7,7,7,7,7,7,7,7,7,7,7,7,7,7,7,7,7,7,7,7,7,7,7,7,7,7,7,7,7,7,7,7,7
209,1,1,1,1,3,58,7,5,6,2,5,2,4,7,5,5,3,3,2,3,4,3,2,1,2,1,1,1,1,5,5,5,2,1,1,2,1,1,1,1,1,1,1,3,7,5,6,6,5,5,5,7,5,6,7,7,5,5,5,7,3,7,5,7,7,7,4,6,3,5,4,5,5,4,6,5,5,6,3,7,2,3,4,3,3,7,3,4,2,2,4,6,3,3,3,3,3,3,6,5,5,5,3,4,5,4,4,5,2,4,2,3,3,3,3,3,3,3,3,2,3
210,2,1,1,2,3,80,7,5,6,3,6,3,3,5,4,3,2,4,3,3,3,2,2,6,4,4,6,5,5,5,5,5,6,3,6,6,4,4,5,4,3,2,5,5,5,5,5,6,5,5,5,5,5,6,6,5,5,6,4,4,3,6,5,6,6,4,5,3,5,4,4,5,4,3,6,4,6,5,4,6,4,5,6,6,6,6,5,4,5,4,3,4,4,4,4,4,5,4,6,4,5,5,3,4,4,4,6,6,2,5,2,4,7,4,4,4,4,3,4,4,4
211,2,1,1,1,3,50,7,5,4,4,4,5,4,5,4,4,3,4,4,5,4,4,3,3,3,3,4,3,3,4,3,4,3,3,3,4,3,3,3,3,3,3,3,3,4,3,4,6,3,3,3,6,6,6,6,5,6,6,4,3,3,4,3,6,6,4,6,6,4,4,3,5,6,4,6,3,4,4,3,3,3,6,4,5,5,5,5,4,6,5,5,5,5,4,5,4,4,5,6,6,6,4,4,4,4,3,4,4,4,3,4,5,4,4,4,5,5,5,6,6,4
212,2,1,1,1,3,30,7,3,2,2,3,2,2,2,2,2,2,2,2,2,2,1,2,2,2,1,4,2,3,2,2,4,5,5,5,5,3,3,2,5,3,2,2,3,4,4,2,5,2,3,2,2,4,2,5,2,2,4,2,1,2,3,4,4,3,7,4,2,4,5,6,5,5,2,3,3,2,4,5,2,4,6,3,3,4,6,4,3,2,2,2,2,5,3,2,2,2,1,5,2,2,5,3,3,5,4,2,5,2,2,2,2,5,1,4,3,2,2,2,2,3
213,1,1,1,2,3,75,7,5,4,1,6,5,4,6,6,6,6,6,6,6,5,6,1,1,1,1,2,1,1,1,1,5,4,1,1,4,2,1,1,1,6,1,1,1,3,1,3,6,1,1,1,7,6,5,6,6,6,6,2,2,1,7,4,5,7,7,6,1,4,4,3,5,2,6,6,6,6,4,4,5,1,6,5,4,6,7,5,2,6,6,6,6,6,5,6,4,6,4,7,5,6,2,6,3,5,5,5,6,6,2,6,4,6,5,5,5,5,4,5,6,5
214,1,1,1,1,3,40,7,6,5,4,6,7,6,7,5,4,5,5,6,6,5,6,7,5,6,1,5,5,7,5,4,5,4,5,4,3,5,1,7,4,4,6,4,7,6,7,6,7,6,5,4,6,7,6,5,7,6,4,5,5,5,6,5,5,7,5,4,5,5,3,5,6,6,6,5,7,4,5,4,3,7,7,6,7,6,7,6,5,5,7,7,7,6,6,5,6,7,6,7,5,4,5,5,4,5,5,5,7,6,6,5,5,4,6,6,4,4,7,6,4,6
215,1,1,1,2,3,90,7,4,5,5,5,4,4,4,4,5,5,4,4,4,4,4,5,5,4,3,5,5,5,4,4,3,4,4,4,4,3,4,5,4,3,5,5,5,5,5,5,4,4,4,5,4,4,5,5,5,4,4,4,4,3,4,5,4,4,4,3,5,4,4,5,4,4,4,5,4,4,4,5,4,4,7,4,4,4,4,5,4,5,5,5,5,4,5,5,5,4,5,3,4,5,5,7,4,6,5,4,4,5,4,6,5,5,4,5,5,4,4,4,5,5
216,2,1,1,1,3,30,7,1,1,1,1,1,1,1,1,1,1,1,1,2,1,1,1,1,1,2,1,1,1,2,1,2,1,1,1,1,1,1,1,2,1,1,1,2,2,1,1,2,1,1,1,1,2,1,1,1,1,3,2,1,1,2,1,2,1,2,1,1,2,4,4,4,3,1,3,4,6,1,4,7,1,2,1,4,4,3,5,1,4,4,1,1,4,6,6,4,4,4,2,4,4,2,1,4,1,6,4,6,1,6,2,6,5,4,6,1,4,3,1,1,4
217,2,1,1,2,3,85,7,4,4,4,5,5,4,5,4,4,4,5,4,4,3,4,3,3,6,4,5,4,5,5,6,4,5,5,4,4,4,3,5,3,3,3,4,3,5,5,4,5,6,3,5,5,5,5,5,5,6,5,4,5,3,5,6,5,5,5,4,4,4,4,4,6,5,5,6,5,6,5,6,6,4,6,4,4,4,7,6,4,7,3,5,4,4,3,4,3,4,3,5,4,3,3,3,5,6,6,5,6,3,6,2,3,5,4,4,4,3,5,4,4,5
218,2,1,1,2,3,91,7,6,6,5,6,6,5,7,4,5,6,2,4,5,4,4,3,4,3,3,5,2,5,5,3,6,5,4,5,7,4,1,4,3,4,3,3,5,5,4,5,7,4,3,4,6,6,6,6,4,6,6,7,3,2,6,4,7,7,7,4,4,5,3,3,7,4,4,7,7,7,5,3,7,3,6,6,6,5,6,7,5,6,5,4,5,4,5,4,5,5,4,7,6,6,5,6,7,5,5,5,7,4,6,4,6,6,7,5,5,5,6,5,6,5
219,1,1,1,1,3,50,7,2,2,2,3,2,2,3,2,2,2,3,2,4,2,2,2,2,2,2,2,2,2,2,2,2,2,2,2,2,2,2,2,3,2,2,2,2,2,2,2,2,2,2,2,2,2,2,3,2,2,3,2,2,2,2,2,2,2,2,2,2,2,2,4,5,2,2,5,4,3,5,3,2,2,6,3,4,4,5,7,5,6,2,2,2,2,3,2,2,2,2,2,5,4,5,4,5,6,4,2,2,2,2,3,2,4,2,2,2,2,3,2,2,2
220,2,1,1,1,3,70,7,2,4,4,4,6,2,5,7,3,4,4,7,2,4,6,1,5,4,5,1,4,2,4,4,6,6,4,5,7,1,7,1,4,2,4,7,7,4,7,3,4,4,5,4,2,3,4,4,7,4,4,2,7,7,7,7,4,4,6,4,6,2,3,5,5,7,5,4,7,7,3,4,7,7,4,5,3,7,1,7,6,4,4,5,5,7,4,4,5,4,4,4,4,4,4,4,4,4,4,5,4,4,4,4,3,4,5,4,4,4,4,4,3,4
221,2,1,1,1,3,30,7,5,5,5,7,5,5,5,7,7,5,6,5,2,2,4,7,5,5,5,5,5,5,5,7,3,7,4,5,5,5,3,7,5,3,5,5,7,5,5,4,3,5,5,5,5,5,7,5,7,5,5,5,5,4,5,5,4,7,3,7,3,5,5,5,3,5,3,6,5,5,4,5,3,7,6,7,7,5,5,5,5,5,7,7,5,7,5,5,5,7,5,4,5,5,5,3,5,3,5,5,7,5,5,4,5,4,7,7,4,5,5,4,4,5
222,1,1,1,1,3,36,7,5,3,1,5,7,1,5,5,2,1,3,1,5,4,1,5,5,6,4,7,5,5,7,5,7,7,5,5,7,4,5,3,5,7,4,2,5,5,5,7,7,6,5,5,7,7,7,7,7,4,7,3,3,4,7,7,7,7,7,7,5,4,6,5,4,3,4,5,1,4,1,5,4,2,7,7,7,7,7,5,4,7,5,1,7,7,5,1,7,7,4,7,5,4,2,7,3,5,5,7,2,2,4,3,3,3,5,3,2,3,3,4,5,4
223,2,1,1,2,3,80,7,4,6,1,7,4,5,5,7,7,4,4,4,4,5,5,3,5,6,5,5,4,5,6,4,3,6,7,4,7,7,3,3,6,4,2,4,4,5,5,6,5,7,6,6,7,5,4,5,4,5,4,4,4,5,5,7,4,4,4,4,6,4,4,3,6,4,4,4,4,6,5,4,5,3,7,7,4,7,7,7,6,4,5,5,7,7,4,5,4,7,4,7,5,4,7,4,4,4,4,7,3,4,4,4,5,3,6,6,4,6,4,5,5,3
224,2,1,1,1,3,20,7,7,7,1,7,4,2,5,4,1,1,4,1,2,2,1,5,4,6,3,7,1,2,7,4,7,7,1,7,7,2,4,1,1,1,1,1,1,1,2,1,7,7,4,6,7,7,7,7,7,7,7,7,5,1,7,7,7,7,6,7,1,7,4,2,3,6,3,7,6,1,6,5,2,2,4,7,1,5,7,3,1,3,2,1,5,2,2,1,7,2,2,7,6,7,7,2,7,4,4,2,2,1,1,3,1,5,7,1,2,1,2,3,3,5
225,2,1,1,2,3,79,7,6,5,3,3,5,2,5,5,2,5,5,2,3,2,2,2,2,3,1,3,3,2,5,3,6,6,5,5,6,4,5,3,4,3,2,4,5,5,5,4,6,4,3,2,6,6,4,5,5,5,6,2,2,2,5,4,5,6,5,4,3,4,4,3,6,5,4,5,5,5,6,5,5,4,4,4,4,3,4,6,2,4,3,3,5,5,4,4,5,4,4,6,5,6,4,4,5,6,4,5,4,3,4,5,4,5,6,4,4,4,5,5,4,3
226,2,1,1,1,3,20,7,2,1,1,2,2,1,2,2,1,2,5,1,3,3,1,1,4,1,1,4,2,1,3,1,2,4,1,1,4,3,1,2,2,1,1,1,3,4,2,2,1,2,2,2,4,2,2,1,3,1,5,3,1,1,4,3,3,2,1,2,2,2,3,1,3,2,1,4,3,3,5,2,3,2,6,4,5,2,5,7,1,4,1,1,1,3,2,3,1,1,1,2,4,2,1,3,2,1,2,1,1,1,1,2,2,3,4,2,4,1,1,1,2,1
227,2,1,1,2,3,80,7,7,5,5,7,4,6,5,6,4,7,1,1,1,1,1,7,7,6,2,7,7,7,7,5,7,7,7,6,7,6,1,2,2,6,7,7,7,7,7,7,7,6,7,7,7,1,6,7,7,7,1,1,1,5,7,1,7,7,7,4,6,7,7,7,7,5,7,1,4,7,7,1,2,3,7,4,7,4,5,7,1,1,1,5,7,7,7,1,3,1,7,1,7,1,5,1,5,1,1,7,7,3,1,1,6,2,7,4,7,7,7,7,7,4
228,2,1,1,1,3,60,7,4,4,3,4,4,5,5,2,1,2,4,2,6,7,6,2,2,3,3,4,4,3,4,4,1,4,4,3,5,1,5,5,2,1,1,2,2,2,3,3,5,1,4,5,5,5,2,5,3,5,4,2,1,4,4,4,5,3,2,5,3,3,4,4,7,3,5,7,7,7,7,7,6,3,6,4,4,3,7,6,5,6,2,4,4,3,4,5,4,4,6,3,7,7,7,5,7,7,4,7,6,3,7,3,7,7,6,5,3,5,4,3,3,4
229,2,1,1,1,3,30,7,1,1,1,2,1,1,2,3,2,1,2,1,1,1,1,1,5,4,4,2,1,4,5,2,4,7,6,3,7,2,6,4,3,1,1,2,1,2,1,1,2,2,1,2,4,5,4,4,1,1,6,1,1,1,4,4,6,2,7,4,2,2,1,4,5,4,2,5,1,5,2,2,5,1,5,1,2,1,4,4,1,1,1,1,1,1,1,1,1,2,1,4,2,1,1,1,2,2,2,3,2,1,2,3,1,3,3,2,1,1,1,1,2,2
230,2,1,1,1,3,30,7,4,4,4,4,4,4,3,4,4,5,5,4,4,5,4,4,3,4,4,3,4,3,3,4,5,3,4,4,5,4,4,3,3,4,5,4,4,4,3,4,3,4,4,4,3,4,4,3,4,3,4,4,4,4,3,4,4,4,5,4,3,4,4,4,5,4,4,4,4,3,5,4,3,3,3,4,4,4,4,3,3,3,4,4,3,5,4,3,4,4,4,3,3,4,4,3,4,3,4,4,3,5,4,3,4,4,4,4,3,5,3,4,4,4
231,2,1,1,2,3,90,7,4,4,3,7,4,4,6,5,4,2,4,5,5,6,3,4,4,2,1,3,2,2,1,3,2,1,2,2,1,2,1,2,1,1,2,2,5,4,4,4,3,3,2,2,4,3,4,4,3,4,5,5,4,4,4,3,4,4,6,7,4,4,4,4,6,4,5,5,3,6,6,4,5,3,5,5,5,5,4,5,4,5,4,2,4,5,4,4,4,3,4,3,5,5,3,5,5,4,4,4,4,4,4,3,5,5,4,5,4,4,4,4,4,5
232,1,1,1,2,3,80,7,7,5,5,7,5,5,5,1,1,1,7,5,6,5,1,1,1,1,1,1,1,1,1,1,1,2,2,1,1,1,1,1,1,1,1,1,1,1,1,1,1,1,1,1,7,1,5,7,1,7,5,1,1,1,1,1,2,1,2,1,1,1,1,1,7,1,7,7,7,7,5,1,7,1,7,7,7,7,7,7,1,7,5,1,1,7,7,7,7,7,7,1,7,7,7,7,7,6,7,7,7,7,7,5,7,7,7,7,7,7,7,1,2,1
233,2,2,1,2,4,85,8,6,5,1,1,2,1,4,5,1,2,4,4,3,1,5,4,4,1,5,4,1,1,4,4,4,4,1,4,4,1,4,3,4,1,1,4,1,1,5,1,4,1,5,4,4,4,1,5,1,2,5,3,1,1,2,1,5,1,5,3,1,1,5,4,7,5,1,5,2,1,5,4,2,1,6,1,6,2,2,5,1,4,1,3,1,5,1,3,3,1,1,4,3,5,5,3,3,6,3,1,1,1,1,3,1,2,1,1,1,1,1,1,1,1
234,2,2,1,1,4,48,8,1,1,1,1,1,1,4,1,1,2,4,4,4,3,1,1,1,1,1,1,1,1,4,1,4,1,1,1,1,1,1,1,4,1,1,1,1,4,1,1,3,1,1,1,1,1,1,1,2,1,4,1,1,1,1,1,3,1,4,1,4,4,1,4,4,4,1,3,1,1,3,4,4,1,5,1,4,4,4,5,2,4,1,1,1,1,1,1,5,4,4,4,5,1,5,3,5,4,4,1,5,2,1,3,1,4,4,1,4,1,4,4,4,1
235,1,2,1,2,4,81,8,5,4,4,5,4,3,4,5,4,4,4,4,4,5,4,4,4,4,3,5,4,6,4,4,4,5,4,5,5,5,3,5,6,5,3,4,5,4,4,4,4,4,5,4,4,4,5,5,5,4,5,5,4,4,5,6,5,5,5,5,4,4,3,3,4,5,4,5,4,3,5,4,3,3,6,5,5,5,7,6,4,4,6,5,4,7,5,4,6,4,6,4,4,5,4,4,4,4,4,3,4,4,5,5,4,4,4,4,4,4,4,4,5,6
236,2,2,1,2,4,87,8,1,3,2,3,4,2,1,2,6,4,7,1,4,4,2,1,3,7,3,1,3,2,7,2,6,1,6,5,2,5,2,1,6,7,7,2,4,3,1,3,5,2,2,1,3,4,6,2,1,3,4,2,1,5,7,6,4,2,5,4,7,4,5,1,1,4,2,4,3,7,6,7,6,2,7,5,5,1,3,7,2,1,1,4,2,6,2,3,7,4,6,1,2,4,6,5,5,5,1,6,4,2,1,3,6,3,7,3,2,3,7,4,1,1
237,2,2,1,1,4,72,8,4,4,4,5,3,3,5,4,4,3,4,3,3,4,4,2,4,3,4,4,4,3,3,4,5,3,3,2,3,3,3,3,4,3,3,4,4,5,5,5,5,4,3,4,6,5,7,5,6,5,4,4,4,4,5,3,4,6,6,4,4,5,6,4,3,3,3,4,6,7,4,4,3,3,4,4,3,5,5,5,4,5,4,6,4,4,5,4,3,5,4,5,5,4,4,4,5,3,4,4,5,5,5,3,4,3,3,4,3,4,5,4,3,3
238,1,2,1,2,4,79,8,5,4,5,5,2,6,5,5,3,4,6,2,5,4,7,6,3,4,3,5,3,2,4,4,5,4,4,7,4,5,4,2,4,6,4,3,4,5,6,5,4,5,4,7,5,5,3,5,6,4,5,4,7,5,4,5,6,4,4,4,4,4,2,3,4,4,6,4,5,6,4,4,3,5,4,4,4,5,6,4,7,7,7,3,6,3,5,5,3,7,4,4,6,4,5,5,5,4,4,4,5,4,6,4,7,7,2,5,5,3,3,5,5,5
239,1,2,1,1,4,68,8,2,4,4,2,1,1,2,3,2,2,2,2,3,3,4,3,3,4,1,3,3,4,2,2,3,5,2,3,5,2,2,2,4,4,5,3,2,2,2,1,4,2,2,3,3,3,1,4,1,2,2,3,2,4,5,1,3,3,6,4,1,3,1,5,2,3,4,3,1,1,1,5,3,1,5,2,3,1,5,5,1,3,2,3,3,1,1,3,1,5,1,4,4,3,3,3,4,4,5,2,3,4,4,6,2,2,3,4,1,3,4,1,3,1
240,1,2,1,1,4,66,8,4,5,4,2,4,2,2,5,5,5,1,4,4,4,3,3,4,4,5,3,3,6,5,4,5,4,3,4,4,6,5,5,5,3,5,6,6,5,5,4,4,6,5,4,7,3,4,5,4,5,6,7,7,6,4,7,5,4,2,7,6,7,4,6,5,6,5,4,7,5,4,4,1,6,5,6,4,3,4,5,6,3,3,4,6,4,4,2,6,4,4,6,4,2,2,4,5,3,3,7,5,4,2,4,5,2,4,4,4,4,5,3,6,5
241,2,2,1,2,4,79,8,6,6,5,5,5,5,5,5,6,4,6,6,6,6,5,6,4,6,2,6,6,5,6,6,6,6,5,6,6,6,5,5,5,4,4,5,4,6,6,5,6,5,6,4,6,6,6,6,5,6,7,5,5,5,4,5,6,7,6,6,5,6,2,5,5,6,5,6,5,6,6,6,5,6,7,6,4,6,5,7,4,2,6,7,6,7,7,7,7,7,7,6,7,7,7,6,6,5,6,6,6,7,6,7,6,5,5,7,6,7,7,6,4,7
242,1,2,1,1,4,73,8,4,4,4,4,4,4,4,4,1,4,5,5,4,5,4,4,6,2,1,4,4,1,4,4,4,3,4,4,4,4,1,4,4,4,4,3,5,4,3,4,4,5,4,3,3,4,4,4,4,6,4,4,4,4,4,2,6,1,5,4,4,4,4,4,4,4,4,4,5,4,2,3,4,6,6,4,4,2,4,7,4,4,5,3,4,4,4,4,4,4,4,4,4,4,1,4,2,7,4,4,4,6,4,4,5,6,6,4,4,6,5,5,4,4
243,1,2,1,1,4,39,8,1,1,1,1,1,1,5,1,1,1,5,1,4,4,4,1,1,1,1,1,1,1,1,1,1,1,1,1,1,1,3,1,1,1,1,1,4,1,1,1,4,1,1,1,4,4,1,1,4,1,4,1,1,1,1,1,4,1,1,1,1,1,1,4,7,4,1,4,7,1,2,1,1,7,4,7,4,4,7,4,1,4,7,7,1,7,7,5,1,1,7,1,6,1,7,4,7,6,1,1,4,1,1,3,4,4,1,1,1,7,4,1,1,1
244,2,2,1,1,4,72,8,2,2,7,2,2,1,1,2,1,2,6,4,1,2,1,2,5,7,2,3,7,6,2,7,3,7,4,5,7,3,2,7,1,7,7,6,5,7,7,7,2,7,7,5,4,3,5,3,2,4,3,3,1,2,4,3,2,1,6,2,4,5,3,6,4,7,3,4,6,6,4,4,7,6,6,6,2,3,7,3,3,2,3,2,2,4,2,3,6,4,4,3,5,3,7,3,6,6,4,1,7,4,4,3,4,4,4,4,3,3,3,2,3,2
245,1,2,1,1,4,67,8,4,4,4,5,4,4,5,5,5,5,3,4,5,5,5,4,4,4,4,4,4,4,5,4,5,5,3,5,4,4,5,4,4,4,3,4,4,6,6,5,6,6,4,5,5,5,5,5,5,4,6,4,1,4,5,6,6,4,4,5,4,4,4,4,5,4,4,5,6,4,5,5,4,4,4,4,5,4,5,5,4,4,5,5,4,5,5,5,5,5,5,4,5,6,5,6,5,5,4,4,5,5,5,4,4,4,5,5,4,4,5,5,6,5
246,2,2,1,2,4,100,8,6,5,6,6,7,7,4,7,6,4,4,6,6,7,4,6,6,4,5,6,6,7,7,5,4,5,6,4,5,7,4,7,6,4,7,6,3,5,7,5,7,6,5,6,7,3,5,6,7,6,6,6,5,6,6,6,7,5,6,7,4,6,7,7,4,6,6,5,7,7,5,7,7,7,6,5,7,4,5,7,5,7,5,6,5,6,6,7,7,4,7,5,4,7,7,7,6,5,6,6,6,5,6,5,6,5,6,5,7,7,7,7,7,7
247,1,2,1,2,4,92,8,6,4,4,6,7,4,7,7,6,7,7,7,7,7,2,4,6,2,1,5,1,4,5,5,2,6,1,4,3,5,2,1,4,5,1,7,5,5,5,3,5,1,4,5,4,6,6,4,3,5,7,3,6,1,6,1,6,5,5,4,2,3,5,5,4,5,4,4,3,6,6,4,4,3,7,7,6,6,7,6,5,5,4,5,5,6,6,5,6,5,6,6,7,4,6,6,6,5,1,6,5,7,4,5,4,4,5,4,4,7,4,5,5,5
248,2,2,1,2,4,83,8,4,4,4,4,4,4,4,4,1,6,4,4,4,3,1,4,4,4,4,4,1,4,4,2,4,4,4,4,4,4,4,4,4,3,4,4,4,4,4,2,4,4,4,4,4,4,4,4,1,6,4,4,5,5,4,4,4,5,4,5,1,4,1,4,4,4,4,6,4,4,4,4,3,4,4,4,4,4,3,4,3,4,4,4,5,2,2,3,4,4,4,4,4,5,4,4,5,4,1,3,4,7,1,4,7,4,4,1,4,5,2,4,5,4
249,1,2,1,2,4,89,8,4,4,4,3,3,4,4,5,6,6,4,4,4,4,3,4,4,3,6,7,4,4,4,7,4,5,4,5,5,4,4,4,3,1,1,4,7,5,7,6,6,6,1,7,7,6,6,7,7,5,6,1,1,2,5,6,6,7,5,2,4,1,4,3,5,2,4,3,4,2,6,6,1,4,4,1,1,2,3,5,1,3,3,3,6,3,1,1,3,2,1,6,5,6,1,4,5,5,4,4,7,4,4,4,4,4,4,4,3,4,2,7,6,3
250,1,2,1,2,4,83,8,5,4,5,4,3,2,5,5,5,3,5,5,4,3,4,5,4,4,6,4,5,2,4,6,5,4,5,4,4,5,5,5,4,2,2,5,2,2,6,2,5,5,2,5,6,4,7,6,6,6,5,2,2,3,3,5,6,6,6,3,2,2,5,5,7,5,5,6,5,3,6,5,3,5,5,2,6,3,4,6,2,4,2,4,5,5,2,4,3,3,2,5,4,7,6,4,4,5,5,5,2,2,5,4,5,3,2,5,2,5,2,6,2,4
251,2,2,1,2,4,94,8,7,6,7,7,6,7,7,7,7,6,5,5,7,7,5,4,6,2,6,6,5,5,7,6,7,6,1,5,7,2,3,4,7,3,1,6,7,7,7,7,7,4,3,7,6,7,7,7,6,7,6,6,7,7,7,6,7,7,7,6,6,7,1,3,6,6,6,6,6,7,6,5,7,2,7,7,7,7,7,7,7,7,7,5,7,7,6,7,7,7,7,7,7,7,6,7,6,7,3,7,7,5,5,7,5,5,7,5,5,6,5,7,6,7
252,2,2,1,2,4,91,8,5,4,4,5,5,5,4,5,4,5,5,6,5,5,4,4,5,4,5,4,4,5,5,4,4,5,4,4,5,4,4,4,4,7,4,5,4,6,4,4,6,5,4,4,6,5,5,5,7,4,5,5,4,4,7,6,6,7,6,6,4,4,7,4,7,4,4,5,4,5,4,5,7,5,6,4,5,4,4,4,6,4,5,5,4,6,4,4,6,4,4,5,5,5,7,5,6,7,4,5,7,4,6,5,5,4,4,7,4,4,5,5,4,5
253,2,2,1,2,4,96,8,5,5,5,7,5,3,5,5,5,5,4,5,5,5,3,5,5,5,5,5,5,5,5,5,5,5,4,5,5,6,4,5,2,5,4,5,4,5,5,5,5,5,3,4,5,5,5,5,5,5,5,5,5,5,5,5,4,5,4,3,5,5,3,4,3,5,4,5,5,5,6,5,4,4,5,5,5,5,5,5,5,6,5,5,5,6,5,5,5,6,6,5,6,6,6,5,5,5,3,5,7,5,5,5,5,5,5,5,6,5,5,5,5,4
254,2,2,1,2,4,98,8,4,5,5,6,5,6,6,6,6,6,4,5,5,6,6,5,6,6,6,6,6,4,5,6,5,6,4,5,6,4,5,6,4,6,4,6,3,6,6,6,5,6,6,4,6,6,6,6,6,6,6,6,3,4,4,6,6,6,4,4,6,4,3,3,6,4,6,5,6,5,5,6,4,6,6,6,5,6,6,6,6,5,5,6,6,5,6,5,5,6,6,4,6,6,6,6,5,5,6,6,6,6,6,6,6,5,4,6,4,6,4,6,5,6
255,1,2,1,1,4,28,8,2,1,7,3,3,6,3,4,7,4,4,4,4,5,1,7,4,7,4,6,7,2,4,2,4,4,2,2,7,2,7,1,4,7,7,3,4,4,4,1,6,7,1,4,6,5,4,3,3,2,4,5,1,6,4,6,4,1,6,4,4,4,7,4,1,4,7,4,2,4,4,3,4,1,6,4,4,4,1,5,3,4,4,7,2,4,2,4,6,3,7,4,4,3,4,4,4,4,1,4,2,4,2,2,5,4,4,3,4,4,4,2,2,2
256,1,2,1,2,4,96,8,7,6,7,7,6,7,7,7,7,7,7,6,7,7,7,7,7,4,7,7,7,7,7,3,7,7,3,6,6,3,4,5,7,4,2,7,7,7,7,7,7,5,4,7,7,7,7,7,7,7,6,7,7,7,7,7,7,7,6,7,7,6,7,5,7,6,7,7,7,7,7,6,7,3,7,7,7,7,7,7,7,7,7,7,7,7,7,7,7,7,7,7,7,7,7,7,7,7,7,7,7,6,7,7,7,7,7,5,6,7,6,7,6,4
257,1,2,1,2,4,77,8,5,4,4,4,4,3,5,5,5,4,5,4,4,5,4,5,4,5,5,4,4,5,5,6,5,5,5,5,5,4,3,5,3,5,3,4,5,6,5,4,6,5,4,5,5,5,5,5,5,5,5,4,4,5,4,5,5,5,5,5,5,5,5,4,4,4,5,6,5,6,3,5,6,5,5,5,4,5,6,4,5,5,4,5,5,5,5,4,5,5,5,6,6,4,5,5,4,5,5,5,5,5,5,4,5,5,5,5,4,5,5,4,5,5
258,2,2,1,2,4,81,8,4,3,3,5,3,2,4,5,4,4,3,3,3,4,3,3,3,4,5,4,3,3,4,4,4,4,4,4,4,3,2,3,2,4,2,5,4,5,5,5,6,4,4,4,5,5,5,5,5,4,5,4,3,4,5,4,5,4,5,5,4,4,4,4,3,4,4,5,4,7,3,4,7,4,6,4,4,4,5,5,4,4,4,4,4,4,4,4,4,4,4,6,5,4,4,4,5,5,5,5,6,4,4,3,4,4,4,4,5,4,4,3,5,4
259,2,2,2,2,4,85,9,5,5,5,5,3,5,5,5,5,5,6,5,5,4,5,6,6,5,5,5,3,6,6,6,6,6,5,6,6,6,3,6,6,6,6,6,6,5,6,6,7,6,6,6,6,6,6,5,5,5,5,5,3,5,5,6,6,6,5,5,5,5,5,5,5,6,5,6,5,6,6,5,6,6,6,5,3,4,6,5,5,3,5,5,5,5,5,3,5,5,5,5,6,6,6,5,5,5,6,5,5,5,5,3,5,5,5,5,5,5,5,5,3,5
260,2,2,2,2,4,88,9,6,5,5,5,6,5,6,5,5,4,4,5,4,5,4,5,6,5,5,6,6,6,6,5,5,4,3,4,5,5,4,6,5,5,5,6,6,6,6,5,6,5,6,6,6,6,6,6,5,5,6,6,4,3,6,5,6,6,5,6,5,5,4,4,6,5,5,6,5,6,4,4,5,4,4,4,4,4,5,4,4,3,5,4,5,5,6,4,5,5,5,6,7,6,7,6,4,5,4,4,7,4,5,5,5,5,5,5,5,5,5,5,5,5
261,1,2,2,2,4,83,9,6,6,5,6,5,4,5,5,6,6,1,6,5,6,6,6,4,6,1,6,6,5,5,5,2,6,6,6,6,6,1,6,1,4,4,4,6,4,6,6,6,4,6,5,6,6,5,6,5,4,6,6,6,5,6,6,6,6,7,6,6,1,6,4,5,6,6,1,5,4,6,6,1,6,7,4,7,6,6,6,6,1,6,4,5,6,6,5,6,6,5,6,7,6,4,7,6,6,4,5,6,6,6,6,6,7,4,6,5,6,5,4,6,6
262,2,2,2,1,4,56,9,4,4,4,4,4,3,4,5,3,4,3,3,3,3,4,4,4,4,6,4,6,5,5,4,3,6,5,5,6,7,6,6,6,5,3,5,5,5,6,5,5,6,5,5,5,4,5,6,6,3,5,3,3,4,4,6,6,4,6,5,4,4,4,4,5,4,4,6,3,5,4,3,4,3,4,3,3,4,7,4,3,3,4,3,4,4,5,3,4,3,4,4,5,4,4,3,5,4,4,5,7,3,5,4,6,5,4,4,4,4,4,3,4,5
263,2,2,2,2,4,94,9,6,7,7,7,6,4,7,7,7,5,7,6,7,7,7,2,1,6,1,4,1,1,1,1,7,7,2,6,6,6,2,7,1,1,2,1,1,4,7,5,4,7,6,4,4,4,7,4,4,7,7,7,7,2,7,7,7,7,7,4,5,7,1,1,4,1,7,5,7,7,7,4,6,2,7,4,4,7,6,7,7,7,4,1,4,4,1,4,5,4,4,7,7,7,7,7,7,5,7,4,7,4,4,6,4,7,4,4,4,2,4,7,7,4
264,2,2,2,2,4,82,9,4,1,1,4,4,1,5,4,6,2,5,3,4,6,4,2,2,7,7,4,4,3,5,5,4,2,1,1,2,4,6,3,2,5,2,3,2,2,5,2,5,5,2,4,5,4,5,4,5,2,4,1,2,1,3,5,5,4,5,2,1,5,1,2,5,3,2,5,5,6,6,1,5,4,6,4,5,3,5,5,4,2,2,6,2,2,1,1,2,3,1,5,2,1,2,2,2,5,1,1,1,2,1,2,1,5,2,1,2,1,2,1,2,5
265,2,2,2,1,4,58,9,5,4,4,4,4,4,4,4,4,3,4,3,5,3,3,4,4,4,4,5,5,5,4,5,5,5,4,5,6,4,4,4,5,5,4,5,5,5,5,5,6,4,4,5,5,5,4,5,5,4,6,5,3,4,5,4,6,5,6,5,5,4,4,4,4,3,4,6,4,4,4,4,5,4,5,4,3,5,5,6,4,5,4,5,4,4,4,4,5,4,4,5,4,4,5,3,4,4,4,4,5,3,4,3,4,4,4,4,4,5,3,4,5,4
266,2,2,2,2,4,96,9,7,7,7,7,7,7,7,6,6,7,5,7,7,7,6,7,7,7,6,7,7,5,7,7,7,7,5,4,7,1,7,5,6,7,7,7,7,7,7,7,7,7,7,7,7,6,7,7,7,7,7,3,4,6,7,7,7,7,7,7,7,7,6,5,7,7,7,7,7,5,5,7,5,4,7,6,6,6,7,7,6,5,5,6,7,7,6,6,6,5,5,7,7,7,5,5,5,5,3,4,7,4,6,4,4,5,4,6,4,4,4,6,6,4
267,2,2,2,1,4,57,9,4,4,1,4,1,4,5,3,4,4,7,4,3,6,6,6,5,1,4,4,4,7,6,4,4,4,4,5,4,4,4,5,4,1,4,5,4,5,4,4,4,5,5,4,5,6,1,5,4,4,6,6,6,4,1,6,6,6,7,4,5,5,1,4,4,6,6,6,4,4,5,6,4,4,4,4,6,4,4,6,6,4,3,3,5,4,6,7,4,3,4,6,4,4,2,4,4,6,3,5,5,6,5,5,6,7,5,4,7,5,5,6,6,4
268,1,2,2,1,4,71,9,3,4,7,7,6,5,3,1,4,1,4,5,4,3,5,6,3,7,6,4,5,2,4,6,7,5,6,3,5,7,5,4,7,6,6,4,2,5,3,7,6,6,4,7,5,7,6,5,6,7,5,5,7,7,7,5,5,5,6,4,5,4,7,2,5,3,5,5,2,5,4,6,7,3,7,7,3,5,4,7,1,7,6,5,7,4,4,4,5,5,7,7,6,5,6,4,5,5,5,2,6,4,4,2,1,5,2,5,2,7,5,6,3,4
269,1,2,2,2,4,95,9,5,5,4,4,3,4,4,5,6,5,4,4,4,5,4,4,5,4,4,5,5,5,4,4,3,5,4,5,4,2,2,4,4,5,5,5,5,5,5,5,6,5,4,5,5,5,5,5,4,5,4,2,1,4,5,5,6,5,5,5,4,3,3,3,4,4,4,4,4,3,5,4,2,4,4,4,3,4,7,5,4,2,4,4,4,4,4,4,4,3,4,5,4,4,6,5,4,4,4,4,4,4,4,4,4,4,3,4,3,4,4,4,3,4
270,2,2,2,2,4,93,9,3,6,1,5,5,1,2,4,2,6,1,1,3,2,1,5,6,4,6,7,2,2,4,5,6,6,7,6,7,7,3,4,2,5,4,2,2,6,4,6,5,7,5,1,7,4,4,4,3,6,6,7,1,1,3,6,5,4,6,3,5,2,1,3,4,7,1,3,1,7,6,7,7,7,7,7,6,7,7,6,4,7,2,2,2,4,2,4,4,4,4,2,4,7,2,4,1,6,5,4,7,3,2,3,4,2,3,2,2,4,6,4,1,3
271,2,2,2,2,4,90,9,5,5,5,3,4,7,3,7,7,6,5,5,4,4,4,7,6,6,5,7,5,6,5,6,7,7,7,4,6,5,5,5,4,5,6,7,7,7,6,7,7,4,3,7,7,6,5,3,7,5,7,7,7,7,7,5,7,4,5,6,5,5,5,4,5,3,6,6,7,5,5,7,3,6,7,6,5,7,5,6,7,1,6,5,6,4,4,7,4,4,5,7,7,5,5,5,5,5,4,5,5,3,4,4,6,5,5,3,6,7,5,4,6,4
272,2,2,2,1,4,56,9,4,4,2,2,4,2,2,2,4,2,4,2,2,2,4,4,4,2,4,4,4,2,2,4,4,4,4,4,4,2,4,2,2,4,4,4,2,4,4,4,2,4,4,4,4,4,2,2,5,2,2,2,4,2,4,2,2,2,4,4,4,4,4,4,5,4,4,4,4,5,4,2,4,4,2,2,2,4,2,2,2,2,4,2,2,4,2,4,2,2,4,4,2,4,4,2,2,4,5,5,2,2,4,3,2,4,4,2,2,4,2,2,4,2
273,1,2,2,2,4,91,9,5,6,5,5,6,4,7,6,5,4,6,2,6,6,6,5,7,6,2,4,6,4,3,6,6,5,7,6,6,3,2,3,4,7,5,5,4,5,5,5,5,6,3,3,4,4,4,6,5,6,6,3,3,6,4,4,6,6,6,5,6,5,5,7,6,6,5,3,5,6,6,5,6,4,6,3,4,4,5,6,3,4,6,6,5,5,6,4,7,4,5,6,3,4,4,6,6,6,7,4,4,5,6,6,5,6,5,4,4,5,6,5,5,6
274,2,2,2,2,4,78,9,2,5,5,6,6,3,4,2,2,5,2,3,1,2,3,7,3,2,2,1,6,5,5,3,1,4,3,5,3,4,7,4,4,5,4,3,1,5,2,2,5,7,3,6,4,2,4,4,3,7,4,5,2,5,1,2,6,4,7,4,3,4,1,2,1,1,2,5,1,5,3,4,4,2,5,5,4,4,5,4,2,6,5,3,6,1,2,1,6,6,2,1,2,2,6,3,7,4,4,4,2,7,2,1,4,2,5,3,3,5,3,3,4,5
275,1,2,2,2,4,83,9,4,6,7,2,5,4,4,4,2,2,6,6,2,4,3,5,7,6,3,3,2,2,4,1,5,6,7,7,2,7,2,3,1,6,6,5,5,3,3,3,2,7,2,6,5,6,2,5,4,7,2,3,7,7,5,5,7,2,2,5,2,3,2,7,3,4,4,4,7,5,5,5,5,5,3,3,3,2,2,5,4,4,7,5,1,3,3,2,3,2,3,4,1,3,4,3,3,7,1,5,3,5,5,4,6,7,4,6,3,7,6,4,2,1
276,2,2,2,2,4,93,9,6,6,5,6,6,6,6,6,6,6,5,6,6,6,6,6,6,6,5,6,6,6,6,6,6,6,6,6,6,6,6,6,6,5,5,6,6,7,6,7,7,7,6,7,6,6,6,6,6,6,6,6,4,5,6,6,7,6,2,6,6,5,4,4,6,6,6,6,6,5,4,5,4,4,7,6,6,6,6,6,5,6,6,6,6,6,5,5,5,6,6,6,5,6,6,6,6,5,5,6,6,5,5,4,6,5,5,6,5,6,6,5,6,6
277,1,2,2,1,4,66,9,4,2,5,6,2,5,3,7,7,6,4,6,5,5,4,6,7,2,3,5,2,3,5,2,7,7,7,7,6,7,4,5,7,4,2,4,7,2,5,5,7,3,4,3,6,3,2,5,5,3,1,7,7,7,7,2,5,5,1,4,7,1,5,2,3,1,2,2,2,4,1,2,4,1,7,1,7,7,7,7,5,3,4,1,5,3,1,3,1,3,4,2,5,5,2,3,5,1,5,3,2,5,1,1,5,3,7,7,2,5,3,3,6,3
278,1,2,2,1,4,72,9,4,4,4,4,4,4,4,4,4,4,4,4,4,4,4,4,7,4,7,4,4,4,6,7,7,4,4,4,4,4,6,4,6,4,7,4,7,4,7,7,6,7,7,7,4,7,4,7,7,4,4,4,4,4,7,7,6,7,4,7,7,4,4,4,4,4,4,4,4,4,4,7,4,4,4,4,4,4,4,4,4,4,4,4,4,4,4,7,4,4,4,7,4,4,4,6,4,6,4,4,7,4,4,4,4,4,4,4,4,4,4,4,4,4
279,1,2,2,2,4,87,9,2,3,3,5,4,6,4,2,3,2,2,4,3,4,6,3,2,3,5,2,6,5,6,2,4,4,2,2,4,2,6,2,6,4,2,4,2,3,5,3,2,2,5,3,3,2,4,4,4,6,2,4,4,2,4,2,4,3,4,2,2,5,4,3,4,2,4,4,4,3,4,5,4,2,4,3,2,4,4,4,3,1,3,4,4,4,2,5,5,5,2,5,2,2,4,3,5,4,3,2,3,2,3,4,5,2,4,2,2,2,3,4,3,4
280,1,2,2,1,4,67,9,2,1,2,5,5,7,2,7,6,4,4,7,1,1,6,3,2,6,7,2,4,2,7,3,7,3,7,3,4,3,7,3,7,6,2,5,7,5,6,1,7,7,1,5,2,4,6,2,7,4,7,2,4,5,3,6,6,7,7,4,4,7,1,3,7,3,7,6,3,1,4,4,1,4,6,1,5,3,1,6,4,1,4,2,7,5,3,6,4,7,3,7,4,3,1,2,2,4,4,1,2,6,7,2,2,4,2,2,4,2,7,1,3,4
281,1,2,2,1,4,44,9,6,4,4,6,7,4,4,1,2,5,4,6,4,2,4,4,2,6,1,4,2,5,5,4,3,2,7,4,2,5,4,4,2,7,3,5,3,2,5,4,2,6,4,4,5,2,7,4,5,4,3,5,7,6,3,4,3,2,4,5,3,2,3,7,4,2,7,2,5,4,4,5,3,4,4,6,4,7,5,4,4,3,4,4,5,2,1,2,7,7,4,2,1,4,4,1,4,4,4,4,2,6,6,4,3,4,4,4,5,2,7,5,7,5
282,1,2,2,2,4,78,9,5,4,6,7,7,5,5,4,4,6,6,7,6,7,6,7,7,5,4,7,6,6,4,5,6,6,7,6,6,5,6,5,7,6,5,4,6,5,5,7,5,6,7,7,6,4,6,4,4,7,6,4,6,7,5,5,7,4,4,5,5,6,4,4,7,5,5,6,7,4,4,4,6,6,5,4,6,6,5,7,7,6,6,4,7,5,7,4,6,5,7,7,4,4,4,5,5,5,6,6,5,7,4,5,7,6,6,5,6,4,6,6,6,7
283,2,2,1,2,4,85,10,4,4,4,4,4,4,5,5,4,4,5,3,5,5,3,3,5,5,4,5,3,5,6,6,6,5,1,4,5,5,3,4,5,2,1,4,5,6,5,5,7,7,3,4,5,6,4,4,4,5,6,5,1,1,6,5,7,5,4,5,5,5,5,5,4,5,3,6,7,5,5,6,7,4,7,4,7,6,7,6,2,3,4,4,5,6,5,5,4,4,4,7,5,5,4,6,5,4,4,3,1,3,4,6,4,4,5,4,4,3,4,5,4,3
284,2,2,1,2,4,80,10,6,5,4,5,5,5,7,7,6,4,3,4,4,5,6,4,4,4,4,4,5,4,5,5,6,4,3,3,4,5,2,5,6,5,5,5,4,3,6,6,7,5,6,5,5,5,5,5,5,5,7,4,4,5,6,5,7,7,7,5,5,6,5,4,7,6,4,7,5,7,3,6,6,5,6,6,4,6,7,4,3,4,7,7,7,7,7,7,6,7,7,7,7,7,6,4,4,5,7,7,4,5,5,5,4,3,4,4,6,5,7,7,6,6
285,1,2,1,2,4,99,10,6,6,5,6,6,6,6,6,6,7,5,5,7,6,6,5,5,6,4,4,2,2,4,6,6,4,2,4,5,3,3,2,2,2,2,2,2,7,2,3,7,2,2,2,7,3,7,7,7,7,5,3,2,5,3,2,6,6,6,6,3,6,2,2,6,6,5,6,5,2,5,4,3,6,7,6,6,6,7,6,6,6,6,6,6,7,6,6,6,7,6,6,7,6,6,6,7,7,6,6,6,6,6,7,6,6,6,6,5,6,6,6,7,4
286,2,2,1,2,4,96,10,2,2,2,4,3,3,4,4,3,5,2,1,2,2,4,3,7,7,6,7,7,7,7,7,7,7,5,6,7,7,3,7,6,7,4,7,4,6,7,7,7,7,7,7,7,7,7,7,7,7,7,5,1,4,7,7,7,7,7,5,4,5,4,3,6,4,4,4,7,7,7,7,7,5,6,6,4,5,5,5,2,2,4,5,5,7,6,5,4,7,6,7,6,7,6,4,6,7,4,4,7,3,7,6,5,6,3,5,2,4,4,5,6,5
287,1,2,1,2,4,98,10,6,4,4,6,5,5,6,7,7,4,7,4,7,7,3,1,1,1,1,2,1,1,1,1,3,2,1,4,3,1,1,1,1,1,1,1,1,1,1,1,2,1,1,1,1,4,1,1,1,1,3,1,1,2,2,1,5,4,1,1,1,1,1,3,7,5,2,5,6,3,5,5,2,4,7,7,7,7,7,7,3,7,7,7,5,7,6,6,5,7,6,5,7,7,7,7,3,6,6,3,6,4,6,7,5,7,6,7,4,3,6,5,5,5
288,2,2,1,1,4,55,10,3,3,2,3,3,3,5,5,3,3,4,3,4,5,4,4,3,3,4,3,4,4,4,2,4,5,4,4,4,2,4,5,5,3,3,5,4,4,4,4,4,4,4,3,3,4,3,4,3,3,4,4,4,2,3,3,5,4,6,4,3,3,3,4,4,4,2,4,3,4,4,3,4,4,4,5,5,3,6,4,3,3,4,3,4,5,4,5,5,4,3,5,4,3,4,4,4,4,3,2,3,3,2,3,4,4,4,3,3,2,3,4,3,3
289,2,2,1,2,4,92,10,4,4,5,5,4,4,5,6,6,5,4,3,5,6,5,3,7,3,5,5,5,4,6,5,4,5,5,4,6,7,5,6,5,5,5,5,4,6,6,7,5,6,4,5,6,7,5,6,6,5,6,4,2,3,6,5,4,6,7,4,5,5,4,4,4,4,4,3,4,6,6,3,4,4,7,6,5,5,6,6,3,5,4,5,6,6,5,5,5,5,5,6,6,7,6,6,3,5,5,6,6,5,5,5,5,5,4,6,6,5,3,6,4,4
290,2,2,1,2,4,98,10,6,6,5,6,6,5,6,6,5,6,3,5,5,5,4,4,4,4,3,5,4,3,4,5,3,6,7,7,6,6,2,4,4,4,2,4,3,4,4,4,2,5,4,2,5,4,4,5,4,4,6,4,4,4,4,4,6,5,3,4,6,4,4,3,4,5,4,5,5,6,6,5,6,4,4,4,3,4,7,6,4,6,3,4,4,4,4,4,4,4,4,4,4,6,6,6,4,5,4,4,6,4,6,4,4,4,5,4,5,4,4,5,5,4
291,1,2,1,2,4,80,10,4,4,4,4,1,4,5,1,4,4,4,5,4,4,1,3,7,7,4,7,7,7,7,7,7,7,7,4,7,7,7,6,7,7,7,7,4,7,7,7,7,7,7,7,7,7,4,6,7,7,7,4,6,1,7,7,7,7,2,4,6,4,7,1,5,4,5,3,7,1,3,4,1,4,2,4,4,4,6,3,1,1,1,4,4,4,4,4,4,4,4,7,5,7,4,4,4,4,4,4,4,4,3,4,2,4,4,4,2,4,4,7,5,4
292,1,2,1,2,4,96,10,7,7,7,7,5,6,7,7,7,5,7,7,7,6,6,4,4,7,4,6,2,2,6,7,6,3,4,5,2,5,2,7,4,4,2,2,3,2,4,3,7,7,2,3,4,5,7,5,5,4,6,4,2,7,3,4,6,7,4,3,7,4,7,2,6,7,7,4,7,7,5,6,5,7,6,7,6,7,7,7,3,6,7,7,7,7,7,7,7,7,7,7,7,2,7,7,7,6,4,6,5,4,6,6,5,6,6,7,5,7,7,7,7,6
293,2,2,1,2,4,87,10,7,7,7,7,7,7,7,7,7,6,7,7,7,7,7,4,4,4,1,4,1,1,4,3,1,4,3,4,2,4,1,3,4,4,1,1,1,1,1,1,1,1,1,1,7,4,4,4,3,5,7,5,7,7,1,2,7,7,1,2,1,4,1,1,7,4,7,5,7,7,4,7,7,5,7,7,7,7,7,7,7,7,7,7,7,7,7,7,7,7,7,7,7,7,7,7,7,7,4,7,7,7,7,7,7,4,7,7,7,7,7,7,7,3
294,1,2,1,2,4,90,10,7,7,7,7,7,1,7,7,7,1,5,1,7,7,7,7,7,7,7,7,7,7,7,7,7,4,7,7,3,7,4,7,7,7,7,7,7,7,7,7,7,7,7,7,7,7,7,7,7,7,7,7,1,7,7,7,7,7,7,7,7,1,7,7,7,1,3,4,7,7,7,7,7,3,3,7,1,3,7,6,7,7,1,7,7,7,1,4,1,7,3,7,7,7,1,4,7,7,7,7,7,4,4,6,1,4,7,4,7,4,1,7,1,7
295,2,2,1,2,4,100,10,7,7,7,7,7,6,7,7,7,7,7,5,7,7,7,3,3,7,1,7,6,7,5,7,1,6,5,7,7,7,1,7,3,2,3,5,3,1,7,7,3,1,5,1,7,7,7,7,7,7,7,7,7,6,7,6,7,7,1,7,1,1,1,1,6,5,7,7,7,7,7,7,7,6,7,7,7,7,7,7,7,7,7,7,7,7,7,7,7,7,7,7,7,7,7,7,7,7,4,7,7,7,7,7,7,7,7,7,7,7,7,7,7,1
296,2,2,1,2,4,98,10,5,5,3,6,6,5,7,6,5,6,6,3,5,4,5,3,3,4,3,6,3,4,5,5,7,3,3,3,3,3,4,3,4,3,3,3,2,6,5,6,6,5,5,4,7,6,7,7,6,7,7,5,5,2,7,7,7,7,7,2,5,5,3,3,3,7,6,7,6,6,7,5,6,4,5,7,5,6,6,6,4,7,6,6,6,6,6,6,6,6,5,7,7,7,7,5,7,7,5,6,6,5,7,5,7,7,6,7,7,7,4,6,6,6
297,2,2,1,1,4,70,10,5,4,1,1,1,4,4,5,4,1,7,4,4,5,5,1,1,4,5,1,7,1,5,5,1,6,7,4,1,2,6,6,1,7,7,6,2,7,5,6,6,6,4,5,7,7,4,7,7,6,7,1,1,1,4,7,4,7,7,1,3,4,6,3,1,1,5,6,1,5,5,3,4,1,6,1,1,1,7,7,6,5,1,1,2,2,4,4,1,4,1,1,6,5,6,5,7,7,1,1,1,1,5,3,1,4,1,1,1,1,2,5,6,3
298,1,2,1,2,4,90,10,7,6,5,7,7,6,7,7,7,7,7,7,7,7,7,5,6,5,5,6,5,5,5,5,7,6,5,6,5,5,5,5,5,5,4,5,6,5,5,6,7,5,6,4,7,7,6,7,7,5,7,5,5,4,6,7,7,6,2,7,6,5,3,2,7,7,7,7,7,5,7,5,5,4,7,6,7,7,7,7,5,6,7,5,6,6,6,7,6,6,7,6,7,7,5,6,6,7,5,4,7,5,6,6,5,5,7,6,5,6,6,6,5,6
299,1,2,1,2,4,96,10,5,5,4,4,3,5,4,4,3,3,5,4,5,5,3,3,4,4,4,4,3,3,4,4,5,2,3,2,4,3,2,3,3,4,1,3,4,4,5,4,5,3,3,3,4,4,4,5,3,4,4,4,2,3,2,4,4,3,6,4,4,4,4,4,5,4,4,5,4,4,4,5,4,4,5,5,4,4,5,6,3,6,4,4,4,4,4,5,5,5,4,4,5,5,5,5,4,4,3,2,4,3,4,4,4,4,3,4,4,4,3,4,4,4
300,2,2,1,1,4,56,10,4,5,3,5,3,2,6,5,4,3,4,4,4,4,4,3,3,4,4,5,2,2,4,3,5,5,4,4,6,5,4,4,3,3,2,4,5,5,5,5,4,4,4,4,6,2,2,6,4,4,6,3,3,2,4,5,5,4,6,5,5,6,4,6,4,6,4,7,6,6,5,4,7,4,4,3,3,5,3,5,4,3,4,4,2,5,4,4,4,4,5,2,4,4,6,3,7,4,6,6,7,2,4,3,4,6,4,4,4,5,4,4,4,4
301,1,2,1,2,4,95,10,5,5,4,5,4,4,5,4,5,6,4,5,4,5,1,4,4,5,2,5,7,7,5,7,2,4,4,6,6,7,2,7,4,7,7,7,1,4,6,6,3,7,7,5,5,6,5,4,2,5,3,3,6,1,3,7,4,3,3,4,2,2,4,2,4,6,4,6,1,2,3,4,2,5,5,4,3,4,7,7,1,4,4,6,3,5,4,4,5,5,4,3,5,5,5,5,5,3,4,3,5,4,4,4,4,3,5,3,3,5,4,4,2,4
302,2,2,1,2,4,93,10,6,7,6,7,7,5,7,5,5,4,4,5,5,5,4,3,7,1,3,5,7,2,6,7,1,7,7,7,7,5,2,1,4,5,1,4,7,7,7,7,7,7,4,7,7,7,7,7,7,7,7,1,1,1,1,7,7,7,6,7,5,6,1,4,6,7,5,7,7,7,5,5,7,3,6,5,4,5,6,5,4,3,4,4,6,5,4,4,5,4,6,7,7,7,7,4,7,6,5,7,7,4,6,6,4,6,4,4,3,4,4,4,3,5
303,1,2,1,2,4,75,10,6,7,1,1,3,5,6,2,5,3,3,3,2,3,1,6,7,7,7,7,7,7,7,7,7,6,1,5,7,6,3,7,7,7,7,7,6,7,7,7,7,7,7,7,7,7,7,7,7,7,7,7,2,1,7,7,7,7,7,6,7,7,1,4,6,4,5,6,3,1,4,5,1,6,3,4,2,5,7,6,1,5,2,1,1,3,2,2,1,3,1,7,2,3,4,4,3,6,1,3,1,2,2,3,2,3,3,2,1,2,2,2,4,1
304,2,2,1,2,4,97,10,5,5,2,3,3,3,3,4,2,5,2,2,3,3,2,3,4,4,3,4,3,4,5,5,4,5,5,5,5,6,2,4,4,4,3,4,5,6,5,6,3,5,5,4,5,4,5,5,4,5,5,6,4,4,3,4,3,4,6,6,6,3,4,4,6,6,2,3,4,6,3,3,1,2,5,5,5,4,6,4,3,4,2,5,5,5,4,5,4,5,5,3,5,5,5,4,4,4,3,4,3,4,3,3,4,2,2,3,4,3,3,4,3,4
305,1,2,1,1,4,25,10,6,7,7,7,7,7,7,6,5,5,7,6,7,6,4,1,1,5,1,1,1,1,5,1,7,7,5,6,7,4,3,1,1,1,1,1,5,5,1,1,7,1,1,1,7,1,7,7,7,7,5,7,7,7,1,1,7,7,6,4,7,5,1,2,6,5,7,6,7,1,6,7,7,1,7,7,7,7,7,7,7,7,5,7,7,6,7,6,7,7,6,7,5,4,5,7,7,7,7,7,7,6,5,5,5,7,6,6,5,5,6,7,5,7
306,1,2,1,2,4,95,10,6,6,6,7,6,7,7,7,7,7,6,7,7,7,7,2,7,6,1,7,7,7,7,5,6,7,6,6,7,6,1,6,7,7,6,7,6,6,7,6,6,6,5,7,7,7,7,7,7,7,7,7,7,6,7,7,7,7,2,5,5,2,1,1,7,6,6,6,6,4,6,6,4,6,7,7,7,7,7,7,7,7,7,7,7,7,7,7,7,7,7,7,7,7,7,7,7,6,6,6,7,6,7,7,7,6,6,7,6,6,7,7,7,6
307,2,2,1,2,4,87,10,6,6,5,5,5,4,5,5,6,5,6,5,6,6,6,5,4,3,4,4,4,4,5,4,5,5,4,6,5,5,5,5,5,6,4,6,5,4,5,4,4,5,4,4,4,6,6,5,5,4,5,4,4,5,6,5,4,4,7,4,5,5,5,7,4,6,4,6,4,4,5,5,6,4,6,5,5,4,7,7,5,5,4,6,5,5,4,5,5,5,5,6,5,6,6,5,5,5,4,4,5,7,4,6,5,6,5,5,6,4,5,6,5,5
308,1,2,1,2,4,88,10,6,6,1,4,4,4,5,5,6,7,6,6,6,6,6,4,3,1,3,3,1,3,1,3,5,5,1,4,5,6,5,2,1,3,1,3,4,3,5,4,3,4,1,3,3,4,4,4,4,3,6,6,2,3,6,4,4,4,7,6,6,4,4,4,6,7,5,7,2,4,4,5,6,1,6,2,4,6,7,7,5,5,4,6,4,4,4,4,5,3,6,6,5,5,6,5,5,6,3,5,5,4,4,4,1,6,4,4,6,4,5,5,4,4
309,1,2,1,1,4,70,11,3,3,1,2,3,3,4,6,5,4,7,5,6,4,4,3,2,3,3,3,2,2,6,4,6,2,2,2,3,2,1,2,4,2,3,3,4,3,5,2,3,4,2,3,3,2,3,3,3,3,5,1,1,2,3,3,6,2,6,5,5,2,3,5,4,5,2,6,6,5,4,2,2,4,5,4,2,3,7,5,3,3,2,1,2,2,2,1,3,2,2,5,6,3,4,4,2,4,3,6,7,1,6,3,2,6,3,4,3,2,2,2,2,2
310,2,2,1,2,4,89,11,5,6,5,6,4,6,6,5,5,7,5,5,4,5,4,5,6,6,6,5,6,6,5,6,4,5,6,5,5,4,5,7,5,5,6,5,6,5,7,6,4,7,4,5,4,5,5,5,6,4,4,5,7,4,6,5,5,4,6,7,6,4,4,7,6,7,7,4,7,6,5,5,5,5,7,6,5,6,6,7,5,4,7,6,4,7,7,4,7,5,7,4,7,6,5,6,7,6,5,6,4,5,5,7,5,4,7,7,4,7,5,5,4,5
311,1,2,1,1,4,72,11,4,5,4,5,3,3,5,4,4,4,4,4,3,4,3,3,5,5,5,4,5,5,4,5,3,4,4,5,4,5,4,6,4,6,5,5,5,4,6,6,3,6,5,4,3,4,4,4,3,3,3,4,4,4,5,4,4,3,5,3,6,3,3,3,5,5,4,3,6,4,4,4,4,4,6,5,4,5,5,6,4,3,6,5,3,6,6,6,6,4,6,3,6,6,6,5,6,5,4,5,6,4,6,6,3,3,6,6,3,6,6,4,3,4
312,2,2,1,2,4,76,11,5,5,1,1,3,2,4,5,3,3,4,4,4,5,4,4,6,4,6,7,7,7,5,7,5,7,5,4,5,4,6,4,6,7,2,7,6,7,7,7,5,7,7,7,7,7,5,7,7,5,5,2,1,1,6,7,5,4,5,3,6,4,4,4,4,4,3,5,1,1,3,4,4,4,4,4,3,4,6,6,3,3,1,4,3,5,4,5,5,3,4,4,2,4,4,4,4,3,4,2,4,4,4,4,2,4,2,4,5,4,5,4,4,4
313,2,2,1,2,4,80,11,5,5,2,2,4,5,5,5,4,4,5,2,5,6,5,5,6,5,7,7,7,7,6,6,6,7,5,6,6,5,7,5,7,7,3,4,6,7,7,7,6,7,6,7,7,7,6,7,7,5,5,3,5,2,7,7,6,4,6,4,5,5,4,5,5,5,4,6,2,2,4,5,5,5,5,5,4,5,6,7,4,4,1,5,4,6,5,3,6,4,5,5,3,5,5,5,5,4,5,3,6,5,5,5,3,5,3,5,6,5,6,5,5,5
314,1,2,1,1,4,69,11,4,4,2,3,4,4,5,7,6,5,7,6,7,4,5,4,3,4,4,4,3,3,7,5,7,3,3,3,4,3,2,3,5,3,4,4,5,4,5,3,4,5,3,4,4,3,5,4,4,4,6,2,2,3,4,4,7,3,5,6,6,3,4,6,4,6,3,7,7,6,4,3,3,5,4,5,3,4,7,5,4,4,3,2,3,3,3,2,4,3,3,6,7,4,5,5,3,5,4,7,7,2,7,4,3,7,4,5,4,3,3,3,3,3
315,1,2,1,1,4,50,11,4,4,4,5,4,4,5,4,5,5,4,4,5,4,4,4,7,6,7,5,6,6,5,4,2,6,1,6,6,5,7,7,7,7,7,7,4,6,6,5,4,6,5,5,5,5,6,6,3,5,6,6,4,4,4,4,5,4,6,6,6,4,1,4,6,5,6,6,6,5,4,6,4,6,4,6,6,6,7,7,5,7,6,7,7,7,7,7,6,4,7,4,5,5,5,4,7,5,7,7,7,7,7,5,7,7,7,7,1,7,7,5,2,1
316,2,2,1,2,4,84,11,5,5,5,6,4,5,6,6,7,6,7,4,6,6,3,4,3,5,4,3,5,4,6,5,1,5,4,5,3,5,5,4,4,5,1,4,4,3,6,5,4,4,4,5,7,4,6,6,5,5,4,6,5,4,5,4,2,6,4,5,4,4,2,4,4,5,5,5,4,4,5,4,4,5,3,4,5,4,5,4,1,3,6,6,5,6,7,7,5,6,6,3,7,7,6,5,5,5,6,4,5,5,6,6,6,4,5,6,5,5,5,5,5,6
317,1,2,1,2,4,75,11,6,5,6,4,1,2,4,4,2,2,7,2,6,5,2,2,2,3,4,6,1,4,5,4,5,2,2,2,2,2,4,4,2,3,1,4,5,2,4,3,5,4,5,4,4,2,5,4,4,4,4,4,1,2,4,2,7,7,3,1,2,4,4,2,6,4,2,6,4,6,4,6,4,6,6,5,6,6,7,7,7,5,2,4,4,5,7,5,6,4,3,2,6,6,5,4,6,6,3,4,5,5,1,5,4,5,3,1,5,5,7,4,5,3
318,2,2,1,2,4,80,11,4,4,2,2,4,3,6,6,4,4,6,3,6,4,2,4,7,3,6,5,6,6,6,5,7,7,1,7,7,7,6,5,5,5,3,7,4,7,7,7,7,5,4,4,6,5,6,6,5,4,7,3,4,1,6,6,6,2,4,7,6,5,4,4,4,4,4,6,4,7,5,4,7,4,5,2,4,3,4,7,1,2,4,1,4,6,5,5,4,6,3,5,6,6,5,4,5,5,2,4,5,2,4,4,4,4,4,5,4,4,3,3,5,4
319,2,2,1,1,4,70,11,2,2,2,3,2,2,4,5,4,3,3,3,3,2,1,2,5,3,3,3,5,5,4,4,4,5,5,5,5,5,5,5,2,5,3,5,4,5,5,4,4,5,4,3,5,4,5,5,5,4,4,5,4,3,6,5,4,6,5,5,4,4,3,4,4,5,4,5,5,6,4,5,4,4,7,5,4,5,6,5,4,4,4,4,3,3,3,3,2,3,2,6,6,4,5,5,5,6,3,4,4,4,4,5,3,4,4,3,2,2,4,3,4,4
320,2,2,1,1,4,50,11,4,1,1,1,2,1,2,3,1,2,1,1,1,1,1,1,5,1,2,4,1,5,5,1,6,7,5,1,4,2,4,1,1,3,4,5,4,4,5,4,5,3,4,4,5,4,7,4,1,1,6,1,1,1,4,4,5,2,5,1,4,4,4,4,4,4,1,4,2,4,4,4,4,1,6,1,1,1,1,4,1,1,4,1,3,5,1,4,7,4,2,4,2,7,5,6,4,7,1,4,2,1,4,5,4,7,2,3,5,6,4,1,1,1
321,1,2,1,2,4,80,11,7,7,4,4,4,1,4,6,4,4,4,1,4,5,1,1,4,4,4,5,4,4,4,4,7,4,7,4,7,7,5,4,6,1,1,4,6,7,7,7,6,5,5,1,7,6,4,7,7,5,7,4,4,1,5,6,7,7,7,5,4,4,4,4,6,7,1,4,5,4,4,1,4,1,5,4,4,4,7,7,4,4,4,7,4,7,7,5,6,7,7,4,3,6,7,4,4,4,4,4,4,1,5,4,4,4,4,4,3,4,4,5,4,4
322,2,2,1,2,4,89,11,6,7,5,6,6,7,7,7,7,6,5,5,6,7,5,5,6,6,5,5,6,5,6,5,5,7,6,6,7,5,4,6,7,6,5,6,7,6,7,7,6,6,5,6,7,7,6,7,7,7,5,5,3,5,7,6,5,7,5,7,4,4,3,3,7,7,6,6,6,7,4,7,6,6,5,3,4,5,6,5,4,5,5,5,7,5,7,5,6,5,5,7,6,6,6,7,5,4,5,5,5,4,5,6,6,4,4,5,5,5,4,6,6,7
323,1,2,1,1,4,68,11,5,5,4,4,3,3,4,6,4,1,4,3,4,4,1,4,2,2,4,4,1,2,4,1,5,3,1,1,2,2,5,1,1,1,1,1,1,1,1,4,5,2,1,1,4,3,4,5,1,5,4,7,4,1,1,2,7,3,4,1,4,1,1,5,3,4,4,5,4,1,4,5,1,3,7,7,7,7,6,6,1,5,5,3,4,5,7,4,4,7,5,1,6,6,7,5,7,7,5,4,7,4,6,4,4,2,1,5,2,3,3,4,1,6
324,2,2,1,1,4,74,11,7,7,7,7,5,6,7,6,5,5,3,5,6,7,6,1,7,7,1,6,1,6,5,5,4,6,1,6,6,3,1,5,1,2,1,3,6,6,6,7,7,6,5,6,7,6,7,7,7,7,6,7,7,2,7,7,7,7,7,6,6,6,5,5,7,5,5,6,7,7,3,6,7,5,6,5,5,6,7,6,5,6,7,7,5,6,6,7,6,6,6,6,7,7,6,6,6,6,6,6,7,6,7,7,6,6,7,7,5,6,6,7,6,7
325,1,2,1,2,4,80,11,5,3,2,5,4,4,6,6,5,4,7,4,5,4,4,4,5,3,6,6,4,4,6,5,7,2,1,2,2,4,3,3,6,4,4,4,7,4,6,6,7,5,5,5,4,5,4,4,5,4,7,4,4,1,1,4,7,3,6,2,4,3,2,3,7,5,3,5,5,1,5,4,1,4,3,4,2,3,4,4,3,4,1,4,3,1,2,2,1,1,3,6,4,3,3,5,5,3,5,4,5,1,5,3,5,7,5,6,6,4,2,2,5,4
326,1,2,1,2,4,97,11,4,4,4,6,5,5,6,7,6,6,7,6,5,5,5,6,7,5,6,6,6,4,6,6,6,5,2,4,5,6,3,4,7,6,4,6,5,7,7,6,6,6,7,6,6,6,6,6,6,6,7,4,4,2,6,6,6,6,6,2,5,6,1,1,6,3,4,6,6,6,6,6,6,6,6,4,3,5,2,5,2,5,6,5,6,5,6,6,6,6,6,6,6,6,6,7,7,6,5,6,6,6,6,6,5,6,7,6,5,6,5,6,5,6
327,2,2,1,2,4,90,11,5,5,7,6,3,3,7,7,6,6,5,4,6,3,4,4,4,4,1,3,1,2,4,3,4,4,3,1,4,6,2,2,4,1,1,1,6,5,6,5,5,1,3,4,7,7,5,7,5,6,7,5,3,1,2,1,7,6,4,6,4,1,4,3,4,6,2,7,7,7,6,7,6,2,7,7,7,7,7,5,5,7,2,7,2,6,5,2,4,6,5,7,6,5,5,5,3,3,4,3,3,3,4,5,4,3,4,4,5,4,4,5,5,4
328,1,2,1,2,4,94,11,7,7,7,7,6,5,7,7,7,6,7,7,7,7,6,2,7,6,5,7,4,7,7,5,6,7,4,7,7,6,1,2,7,4,2,7,6,7,7,6,7,5,4,5,7,6,7,7,6,7,7,5,5,3,6,5,7,6,5,7,7,5,1,1,7,6,4,7,6,6,6,7,4,4,7,6,7,7,6,7,7,7,7,6,7,7,7,7,7,7,7,6,7,7,7,7,7,7,6,7,7,6,7,7,6,6,5,7,6,6,7,7,7,7
329,1,2,1,1,4,72,11,6,5,5,6,5,5,5,6,6,6,5,6,5,5,6,5,5,6,5,6,6,5,7,5,7,6,5,5,6,5,5,6,7,5,6,5,6,6,5,5,6,5,5,5,6,7,6,6,6,5,6,5,5,5,6,6,6,6,5,5,5,5,5,6,5,6,6,7,6,5,6,5,5,6,6,5,6,5,7,6,5,5,6,6,5,6,5,6,6,6,6,7,6,5,6,2,6,7,5,5,6,5,5,6,5,5,6,5,6,6,5,5,5,5
330,2,2,1,1,4,67,11,5,4,4,5,4,4,4,5,5,5,4,5,4,4,4,4,4,5,4,5,5,4,6,4,6,5,5,4,5,5,4,5,6,4,5,5,5,5,4,4,5,4,4,4,4,6,5,5,5,4,5,4,4,5,5,5,5,5,4,5,4,4,5,5,4,5,4,6,4,4,5,4,4,5,5,5,5,4,6,5,4,4,5,5,5,5,4,5,5,4,5,6,5,4,5,1,5,6,4,4,5,4,5,5,5,4,5,4,5,5,4,4,4,4
331,2,2,1,1,4,73,11,6,6,5,6,3,4,4,3,5,4,4,6,6,4,4,5,4,5,4,5,6,4,3,4,6,5,6,6,6,5,5,6,5,5,6,5,4,4,6,6,5,4,5,4,5,5,5,4,6,4,6,4,5,5,4,6,4,6,4,4,5,4,5,4,5,4,5,6,4,4,5,5,3,5,6,5,6,3,5,6,4,5,4,4,4,5,5,5,4,6,6,5,5,6,6,6,5,4,4,5,5,5,6,6,3,6,5,4,6,5,6,4,4,5
332,1,2,1,2,4,94,11,6,6,6,6,6,6,6,6,6,6,7,7,7,7,6,5,6,5,6,6,5,5,6,5,4,6,6,6,6,6,3,6,5,4,6,4,6,6,6,4,6,6,5,6,6,6,6,6,6,6,6,6,5,5,6,6,7,6,7,6,3,4,3,3,7,3,4,6,6,6,7,6,5,5,7,6,7,7,7,7,6,7,5,6,7,6,5,6,6,6,6,7,6,6,6,6,6,6,6,6,5,5,5,7,5,5,6,5,5,6,5,6,6,5
333,2,2,1,1,4,65,11,4,4,4,4,4,4,5,5,4,5,4,4,3,4,5,4,4,4,4,4,5,4,6,4,6,5,4,4,4,4,4,4,5,5,3,4,5,5,4,4,5,4,4,5,5,6,4,5,5,4,5,4,5,4,5,4,5,4,4,4,4,4,4,4,4,4,4,6,4,4,5,4,3,5,5,5,4,4,7,5,3,3,5,4,5,5,5,4,6,4,6,6,5,4,5,4,5,6,4,5,4,4,4,5,4,4,4,4,3,5,4,4,4,4
334,1,2,1,2,4,80,11,2,4,2,1,2,3,2,2,2,3,3,3,2,1,4,4,5,3,4,1,1,1,3,4,4,4,4,4,2,2,1,1,1,2,2,2,3,4,5,2,4,2,6,1,2,1,3,4,2,2,5,1,4,3,3,1,3,3,2,2,3,3,2,4,2,3,1,2,2,1,3,1,1,3,2,2,1,3,4,7,6,1,2,2,3,2,3,1,4,1,3,6,3,3,4,2,2,3,3,3,5,2,2,2,3,1,4,3,2,2,1,4,1,2
335,1,2,1,1,4,59,11,3,3,1,2,3,2,3,3,2,2,4,2,1,3,2,4,2,5,4,6,5,4,1,5,5,5,4,4,6,4,4,5,3,5,5,4,4,5,5,5,6,5,7,4,7,6,5,5,7,4,6,5,1,2,5,6,3,5,7,4,5,6,3,5,4,7,3,4,4,5,4,4,4,4,6,6,3,5,7,6,2,6,2,4,5,4,4,4,4,3,4,3,5,5,4,4,5,5,3,4,4,3,2,3,3,7,3,3,2,4,4,3,2,3
336,2,2,1,2,4,88,11,3,4,2,3,1,4,2,3,2,3,4,3,2,2,2,5,2,4,4,5,5,5,5,5,5,4,3,5,1,6,3,5,4,5,4,5,3,5,7,5,5,6,6,5,5,4,4,5,6,4,5,3,2,1,3,6,4,4,5,3,4,4,4,4,4,4,4,5,5,7,6,4,7,4,6,5,3,3,5,4,4,3,2,3,2,5,3,4,3,4,2,2,4,5,5,4,6,5,6,5,5,2,6,3,4,6,4,4,1,3,2,1,3,4
337,1,2,1,2,4,89,11,4,3,4,4,5,4,5,5,5,4,4,4,5,6,5,4,4,4,2,4,4,4,4,4,3,4,4,5,4,4,3,4,4,4,4,4,4,4,5,4,4,3,4,4,4,4,4,4,4,4,4,4,4,4,5,3,4,4,4,4,4,4,4,4,5,5,4,4,4,4,5,4,4,5,5,5,4,4,4,4,3,4,4,4,3,6,4,4,4,4,3,4,4,4,4,5,4,4,4,4,4,4,4,4,4,4,4,4,4,4,4,4,5,4
338,2,2,1,2,4,97,12,2,5,5,4,1,7,3,5,5,7,4,6,4,4,2,7,7,4,6,3,6,6,6,7,5,7,3,6,2,4,6,5,5,2,5,5,6,1,7,6,6,4,1,7,6,3,4,5,5,5,7,4,5,7,6,4,6,7,7,7,5,4,6,7,7,5,7,7,7,2,6,5,7,6,7,4,5,6,7,7,6,3,5,5,4,7,7,7,7,4,7,6,2,7,6,6,7,7,4,5,7,6,5,7,7,7,6,6,6,5,5,6,5,5
339,2,2,1,2,4,100,12,4,4,4,4,2,4,4,5,4,5,5,4,4,4,3,4,6,4,3,5,5,4,6,4,6,5,4,6,5,3,5,4,4,4,5,5,6,7,6,7,7,4,5,5,6,7,4,7,6,4,4,4,4,4,6,6,5,4,4,4,5,5,4,4,5,4,4,5,4,6,5,5,6,4,5,4,3,5,6,5,4,3,4,4,4,4,4,4,4,4,4,5,4,4,5,6,4,5,4,4,6,4,4,5,4,4,4,4,4,4,4,4,3,4
340,1,2,1,1,4,50,12,3,2,2,3,2,1,5,5,6,1,2,2,2,2,2,1,2,1,7,6,1,4,5,4,7,6,1,2,6,4,6,4,7,6,2,4,5,7,7,6,7,4,6,2,7,7,7,7,4,3,7,1,1,1,7,7,7,7,7,7,2,7,7,7,6,4,4,7,1,1,4,1,1,4,1,4,1,1,1,1,1,1,1,1,5,1,1,1,2,1,1,7,4,1,3,1,1,2,1,1,2,1,1,2,1,1,2,2,1,1,1,4,2,2
341,2,2,1,2,4,96,12,5,7,3,5,4,5,7,6,6,5,6,6,7,6,3,3,6,7,1,5,1,4,5,5,2,3,2,3,4,5,3,6,3,6,6,3,5,5,7,4,6,2,2,6,6,4,6,6,4,6,4,5,7,5,7,2,6,5,4,5,5,6,1,5,6,6,7,6,7,7,3,7,7,3,7,5,6,7,7,7,6,7,7,7,7,6,4,5,5,6,6,5,6,3,6,5,6,6,6,5,6,4,6,6,7,7,5,5,3,7,5,5,4,7
342,2,2,1,2,4,82,12,6,6,6,6,4,6,5,5,6,6,6,6,6,6,7,6,5,6,6,7,6,7,6,5,5,6,7,6,7,6,5,7,7,6,6,6,6,6,6,6,5,6,6,5,6,5,6,6,5,5,6,6,5,4,7,6,7,6,5,5,6,6,4,5,6,6,5,5,6,6,6,6,6,6,7,7,6,7,6,5,7,7,7,6,5,6,6,7,5,6,6,6,5,6,6,6,6,3,5,6,6,5,5,5,7,4,5,6,5,5,6,5,6,5
343,1,2,1,2,4,80,12,5,6,5,6,4,6,6,6,7,6,6,5,6,4,5,5,6,6,6,6,6,7,6,6,7,6,4,5,7,6,6,7,6,6,6,7,6,6,6,7,7,6,6,6,6,6,6,6,6,6,7,6,6,5,6,6,7,7,6,6,5,5,5,5,5,5,5,6,4,6,5,5,5,4,6,6,6,6,6,7,4,5,5,5,5,6,6,5,5,6,5,7,5,6,6,5,6,5,4,4,5,5,5,5,5,5,5,4,5,5,5,5,4,5
344,1,2,1,1,4,60,12,4,5,3,4,4,4,4,4,5,4,6,5,4,4,4,3,3,5,1,4,5,4,4,4,4,3,4,4,3,4,1,4,3,5,4,2,4,5,4,3,4,3,4,3,3,4,4,4,4,4,4,4,4,2,4,4,4,3,1,4,5,4,4,4,4,3,3,4,4,3,4,4,5,4,6,3,3,4,3,1,4,4,4,3,4,4,4,3,3,3,1,4,4,3,4,4,3,5,3,3,5,5,4,4,2,1,4,3,4,4,3,2,5,4
345,2,2,1,2,4,85,12,6,4,2,3,3,2,3,5,4,4,1,4,4,4,1,2,4,1,4,4,4,3,2,1,5,4,1,3,4,2,4,1,4,4,1,5,5,5,4,4,6,6,4,5,3,4,6,3,6,4,6,5,2,2,6,4,5,2,6,4,4,4,4,4,6,3,2,5,6,4,6,2,4,5,6,5,4,3,7,6,3,2,4,4,1,4,3,3,3,3,2,3,5,4,5,4,5,6,3,6,7,4,6,4,1,4,2,1,3,1,4,3,2,4
346,1,2,1,2,4,97,12,5,5,6,6,5,6,7,6,6,6,7,6,6,6,5,5,6,6,6,6,7,6,6,6,6,6,6,6,6,6,6,6,6,5,7,7,6,6,7,6,6,7,6,6,6,6,6,6,6,4,6,7,6,6,6,7,6,6,5,6,6,5,6,6,6,5,6,6,5,5,5,6,5,5,7,7,7,6,7,7,7,7,6,5,5,7,7,7,6,6,5,6,6,6,7,6,6,5,6,7,7,6,6,7,6,7,6,6,6,6,6,6,6,6
347,1,2,1,2,4,95,12,4,4,3,2,5,4,5,5,5,4,5,4,4,4,4,4,4,3,5,5,5,5,5,5,5,5,4,4,5,5,3,5,4,5,4,5,4,6,5,6,6,5,5,5,5,5,4,5,4,4,6,3,3,3,4,5,6,4,3,3,5,5,4,3,4,4,4,4,4,5,6,4,5,4,4,5,4,4,4,5,4,5,3,3,4,4,4,4,4,4,4,4,5,5,5,4,4,5,4,4,3,3,4,3,4,4,3,4,2,4,4,4,4,4
348,2,2,1,2,4,99,12,6,5,4,7,5,7,7,7,7,7,7,6,7,7,6,6,6,5,5,7,6,7,7,7,7,6,6,6,5,5,5,6,7,7,1,7,5,7,7,7,7,7,7,7,7,7,7,7,7,7,7,5,4,4,6,7,7,7,2,6,7,6,6,1,7,4,7,7,5,7,5,4,6,6,6,6,6,6,6,6,5,5,5,5,6,4,6,5,6,7,6,7,7,7,7,7,6,6,5,4,1,1,5,6,6,5,5,6,5,4,4,7,7,6
349,2,2,1,1,4,30,12,4,4,4,5,4,4,5,5,5,4,5,6,5,1,4,4,5,4,5,4,5,4,4,5,5,5,4,4,4,4,5,4,1,4,4,5,5,5,4,5,4,5,4,4,5,5,5,4,5,5,7,5,4,4,5,5,5,4,7,4,4,4,5,4,7,5,4,4,4,5,1,5,4,4,1,5,4,5,5,2,4,1,4,4,5,5,5,4,5,5,4,5,6,4,4,5,4,1,5,4,4,4,4,1,5,5,5,4,4,4,4,4,5,5
350,1,2,1,2,4,99,12,7,7,2,5,6,7,7,7,6,5,7,6,7,6,7,2,7,5,6,7,7,6,5,5,1,6,1,2,6,6,6,7,3,5,2,5,6,5,6,7,7,4,4,6,7,7,6,7,6,6,7,7,7,2,7,4,7,7,2,7,2,3,1,1,7,2,4,5,7,7,5,5,6,7,7,7,7,4,5,7,2,7,3,6,2,7,6,6,5,6,7,4,7,6,4,7,6,6,2,2,5,2,4,7,7,7,5,4,7,5,7,6,7,4
351,2,2,1,2,4,80,12,5,5,5,5,4,3,4,4,5,5,5,5,4,5,4,4,5,4,5,4,3,4,5,5,5,5,4,5,5,4,7,4,5,5,4,4,4,5,3,3,5,5,5,5,5,5,5,5,5,5,4,5,5,3,5,3,5,5,3,4,4,5,3,3,5,5,4,5,5,4,5,4,5,5,5,5,5,5,3,5,5,4,5,5,5,4,5,4,4,5,4,1,4,5,4,5,4,5,4,4,5,5,4,3,5,5,5,5,5,5,4,5,5,4
352,1,2,1,1,4,68,12,1,1,1,7,1,1,1,4,7,1,1,1,1,1,1,2,1,1,2,7,1,6,5,6,1,1,1,1,1,1,4,5,1,1,1,7,1,1,2,1,1,6,1,1,6,1,2,7,1,4,4,3,4,1,1,1,1,1,1,5,5,1,1,1,5,1,1,2,3,1,6,1,1,1,1,1,5,2,5,7,1,3,4,2,1,1,1,6,1,1,4,1,7,1,7,1,3,7,1,3,1,2,4,1,1,4,4,1,1,5,1,1,1,4
353,2,2,1,2,4,85,12,4,4,1,6,4,6,6,5,5,5,4,4,4,5,4,6,4,6,1,6,1,4,5,5,4,6,4,3,6,2,1,4,4,1,1,1,6,6,7,6,5,6,3,4,7,6,6,6,7,7,7,7,7,6,6,6,7,7,7,6,4,3,7,4,7,4,4,3,6,7,5,7,5,5,6,7,3,5,7,7,4,5,5,7,7,6,7,7,5,5,6,5,6,7,6,5,6,3,6,5,7,4,7,6,4,5,3,7,3,7,6,6,4,6
354,2,2,1,2,4,100,12,5,5,1,4,5,1,1,1,6,1,1,5,5,5,1,5,5,1,4,1,1,5,5,7,5,1,7,1,5,7,5,5,1,7,5,1,1,5,5,1,5,4,4,1,4,1,4,1,7,1,1,1,1,1,1,1,5,5,5,4,5,1,4,1,1,1,4,3,6,5,1,1,1,1,5,1,1,5,1,1,1,1,5,4,7,5,4,1,1,7,4,5,1,7,1,5,4,5,4,1,5,1,7,5,1,4,5,4,1,5,5,1,5,6
355,2,2,1,1,4,68,12,4,5,1,2,1,1,1,4,1,4,1,3,1,1,1,3,1,3,4,1,3,1,1,4,7,4,1,1,6,1,5,1,1,5,1,1,1,1,1,6,3,4,2,1,4,6,1,3,3,2,1,3,1,1,1,5,1,1,6,1,5,7,1,1,6,2,1,5,3,2,5,1,4,1,3,1,6,3,1,1,1,2,7,1,1,1,1,1,1,1,2,1,1,4,1,1,2,7,1,4,1,1,4,2,1,1,1,1,6,2,1,1,1,1
356,1,2,1,1,4,71,12,5,5,2,5,6,4,7,5,5,4,3,5,5,5,3,3,3,4,6,6,7,5,3,3,5,3,4,4,5,3,4,4,5,3,5,6,3,6,4,5,3,3,5,3,3,6,4,4,2,3,3,4,3,1,5,2,5,4,7,3,5,7,3,4,5,4,3,6,4,7,5,4,4,5,5,4,4,4,4,6,4,4,3,3,4,3,2,4,3,3,3,7,7,4,3,7,3,3,4,4,3,3,3,3,3,3,4,2,4,3,4,4,4,4
357,2,2,1,2,4,95,12,5,6,5,7,6,7,5,6,7,4,5,4,5,6,6,6,5,7,7,4,6,4,6,7,6,6,6,5,6,7,6,4,7,7,6,6,6,5,4,5,6,4,4,6,6,6,4,4,6,7,6,3,7,4,7,4,5,6,6,6,6,6,4,6,4,7,6,6,6,7,2,7,7,6,4,2,6,6,6,7,5,4,7,4,7,7,4,5,7,6,7,7,4,4,6,4,6,2,5,6,6,5,4,6,7,6,7,4,4,7,7,6,5,6
358,2,2,1,2,4,95,12,4,4,3,2,6,5,5,4,4,4,4,3,4,3,4,2,4,1,5,5,6,4,6,1,5,5,6,4,7,5,4,6,4,5,3,5,3,7,7,7,6,7,6,6,6,7,5,6,6,6,6,4,2,1,3,6,5,7,7,4,5,6,5,4,4,5,5,5,1,5,6,1,4,4,3,1,3,1,5,6,2,4,3,2,1,3,2,2,3,1,3,6,5,7,6,5,4,4,1,1,6,4,4,3,4,4,3,4,2,4,4,4,4,1
359,1,2,1,1,4,70,12,4,6,5,4,6,6,5,5,5,7,5,5,5,5,4,3,4,4,5,3,6,5,4,4,6,5,5,4,5,4,5,5,4,5,4,6,5,5,5,5,6,4,5,6,5,6,6,6,4,5,4,4,4,5,6,5,6,5,5,5,4,4,5,5,5,4,4,4,7,4,4,4,6,6,5,4,6,6,4,5,6,4,5,4,4,5,6,5,7,4,4,5,5,4,4,4,4,5,4,4,4,6,5,4,4,5,7,4,4,5,5,4,5,5
360,2,2,1,1,4,40,12,4,4,7,5,5,5,4,6,6,1,7,7,3,2,6,6,5,5,5,7,6,6,3,5,7,4,5,4,7,4,7,6,1,6,7,7,5,7,5,5,7,7,5,5,5,6,7,6,7,7,7,5,5,7,7,5,7,5,7,5,7,7,5,7,5,7,5,7,5,5,7,5,1,7,6,7,7,6,4,7,7,7,7,6,5,4,5,7,4,5,7,7,7,6,4,1,7,7,5,6,6,2,6,1,6,1,1,5,1,5,3,5,1,5
361,1,2,1,2,4,86,12,6,6,4,7,4,7,7,3,3,2,6,2,4,4,5,6,7,7,7,7,7,7,5,7,6,7,4,6,7,5,6,5,7,7,3,7,5,7,7,7,7,7,7,7,7,7,7,7,7,7,7,7,7,5,7,7,7,7,7,7,7,6,1,1,7,3,4,6,7,5,7,3,1,6,6,7,6,7,7,7,3,2,7,5,4,7,7,7,7,7,6,7,6,7,7,5,7,7,7,4,7,7,7,7,6,6,7,7,6,7,7,7,7,7
362,1,2,2,2,4,89,13,4,4,6,4,5,5,5,5,5,4,6,4,4,5,4,4,6,4,6,5,5,5,4,4,5,5,5,5,5,4,5,6,5,5,4,5,4,4,4,4,6,6,4,5,5,4,6,5,4,4,6,5,5,4,5,4,6,6,6,6,5,6,6,4,5,4,6,4,5,4,5,5,4,4,7,4,5,6,4,7,4,5,5,6,5,5,5,6,5,5,5,6,5,5,6,5,5,3,5,5,6,5,4,5,5,6,5,5,4,5,5,4,4,6
363,2,2,2,2,4,83,13,5,6,5,7,6,4,6,6,5,5,5,4,5,5,4,5,4,4,4,6,4,2,6,5,5,6,3,4,5,4,3,4,6,5,2,3,5,5,4,4,6,4,3,3,6,5,5,5,6,7,7,7,7,4,6,4,6,7,5,5,4,5,2,4,6,5,5,5,5,6,4,6,4,4,7,6,6,6,7,5,2,4,6,6,7,7,6,7,7,7,6,7,6,7,7,5,7,4,5,7,6,5,6,7,6,6,7,7,7,6,6,5,7,6
364,1,2,2,2,4,90,13,3,6,7,5,3,7,7,4,6,7,5,5,7,5,4,6,6,7,6,4,3,7,7,4,7,5,4,7,4,7,3,5,7,5,6,5,5,7,5,6,7,3,5,7,5,7,7,6,4,6,7,6,4,7,4,6,7,7,6,7,7,5,5,4,4,5,6,4,6,7,4,4,6,4,5,7,4,5,4,6,7,7,7,6,5,6,4,2,5,5,5,7,6,6,7,7,6,6,7,6,3,5,4,5,6,7,5,3,7,5,3,4,6,7
365,1,2,2,2,4,82,13,7,7,5,6,5,5,7,6,6,5,6,6,6,5,5,5,5,5,7,7,5,6,6,5,7,7,6,6,6,7,5,5,7,6,7,5,5,6,6,7,7,6,6,7,6,6,6,7,6,5,6,6,7,5,6,7,7,7,5,6,6,6,1,6,5,5,7,6,7,6,5,6,6,6,6,7,6,7,6,6,5,6,7,6,5,5,6,5,6,5,5,6,6,7,6,5,5,5,6,6,6,6,6,6,5,5,6,5,4,6,7,6,5,7
366,2,2,2,2,4,75,13,5,5,5,6,5,5,5,5,5,5,4,5,5,4,5,5,4,5,2,6,4,6,6,5,3,6,6,5,6,6,3,5,6,5,4,5,5,4,5,6,5,4,4,5,6,6,5,5,6,5,6,5,5,5,6,5,5,6,5,5,4,4,3,3,5,4,5,5,5,4,5,4,2,4,5,5,4,5,5,4,5,4,4,5,5,5,5,5,5,5,5,5,5,5,5,5,5,4,5,5,5,5,5,4,5,4,4,5,4,5,5,5,5,5
367,1,2,2,2,4,80,13,3,6,5,3,4,5,4,7,6,6,7,3,3,5,3,7,4,6,3,5,3,6,5,5,4,5,7,4,5,4,4,4,7,4,4,4,6,5,7,7,7,5,5,4,5,2,5,4,3,6,7,5,5,5,7,7,6,7,5,7,6,2,5,4,5,6,6,6,5,5,4,7,3,3,6,7,4,5,4,6,5,6,5,5,5,5,5,3,4,6,5,5,5,6,5,6,7,4,4,5,2,2,7,4,6,2,5,5,5,5,5,3,4,5
368,2,2,2,2,4,100,13,6,7,4,7,4,7,7,7,7,7,7,7,7,7,4,7,7,7,6,7,4,7,7,7,6,7,7,7,7,4,6,7,4,7,4,6,6,7,7,7,7,7,7,7,7,7,7,7,7,7,7,4,2,4,7,7,7,7,6,7,7,6,7,4,7,6,7,7,7,7,7,7,7,6,7,7,7,7,4,5,4,6,4,7,7,4,7,7,4,7,7,7,7,7,7,7,7,7,7,7,4,4,7,7,7,7,7,7,7,7,7,4,7,7
369,2,2,2,1,4,58,13,4,3,5,5,5,3,5,5,5,4,4,3,3,4,5,3,6,5,7,7,7,6,7,7,6,4,3,3,5,7,4,5,7,6,3,7,7,6,7,7,7,7,7,7,6,4,5,7,7,7,6,3,2,6,6,7,5,7,6,6,6,4,5,4,6,3,6,6,5,5,5,6,7,4,5,4,5,7,6,4,3,3,4,5,7,5,4,4,5,7,4,4,3,6,6,4,5,2,5,4,6,3,5,5,3,5,3,5,3,3,5,4,4,6
370,2,2,2,2,4,93,13,6,6,6,6,6,3,6,6,6,6,4,2,1,2,1,6,6,6,5,6,6,6,6,6,5,6,2,6,6,6,3,6,1,6,6,6,4,2,6,6,7,6,6,5,6,6,6,6,6,2,1,6,6,6,6,6,5,6,6,6,6,4,6,6,3,6,6,4,6,2,2,4,4,6,5,6,7,6,6,2,6,1,2,6,6,6,6,4,6,6,6,5,2,6,6,1,6,2,6,6,6,6,1,3,6,4,2,6,4,6,6,6,4,6
371,2,2,2,1,4,56,13,4,4,4,4,5,4,3,3,4,2,4,3,2,2,4,4,3,4,5,5,3,5,5,4,5,5,4,4,6,4,5,4,4,4,3,4,5,4,4,4,6,4,4,5,4,6,4,4,4,3,5,4,4,4,5,4,6,4,5,4,4,5,4,4,6,4,4,5,4,3,4,3,4,4,4,4,4,3,3,4,4,4,4,4,4,4,3,4,4,4,4,5,5,4,5,5,4,4,4,4,4,2,4,2,4,4,4,4,5,3,4,4,5,4
372,2,2,2,2,4,78,13,6,7,7,7,7,7,7,7,7,6,7,7,7,6,4,1,1,7,3,4,1,1,7,7,7,1,7,7,6,7,4,7,7,7,7,1,7,7,7,6,7,1,7,7,7,7,7,7,7,7,7,7,7,4,7,7,7,7,7,7,7,7,1,2,5,5,7,7,5,7,5,7,7,7,7,7,5,7,7,5,4,5,6,7,7,7,7,7,7,7,7,7,7,7,7,7,7,1,7,7,7,1,4,7,5,7,6,7,6,7,7,7,7,7
373,1,2,2,2,4,92,13,2,4,2,4,2,4,5,6,4,5,5,3,2,3,4,5,5,4,3,5,2,5,5,3,6,5,3,4,5,6,2,5,2,2,2,5,4,6,5,6,5,3,4,5,6,5,4,4,5,2,6,1,1,2,4,3,6,4,4,1,5,2,4,3,4,4,2,7,4,5,5,5,4,4,6,4,4,3,6,3,3,4,2,2,1,6,4,5,3,6,3,6,4,4,5,5,4,6,5,4,5,4,2,4,4,6,2,2,2,3,4,3,4,2
374,2,2,2,2,4,93,13,5,4,3,5,7,5,6,6,5,6,6,4,6,5,6,2,3,2,1,2,1,2,3,4,4,4,1,3,4,1,1,2,1,1,1,1,1,2,3,1,1,2,1,2,2,2,5,1,1,3,4,2,2,3,4,2,5,4,3,2,2,1,2,1,5,6,3,7,6,6,4,3,4,2,7,5,6,6,7,6,4,7,4,5,4,6,6,6,5,6,7,3,7,4,6,5,6,5,4,6,6,1,4,4,4,4,6,4,4,4,3,2,3,3
375,2,2,2,2,4,100,13,6,5,5,6,5,5,5,5,6,7,7,5,6,5,7,6,7,5,6,7,7,7,7,4,6,7,5,7,7,7,5,6,6,6,4,6,1,7,7,7,7,7,6,1,7,7,5,7,5,5,6,7,7,7,7,6,6,7,5,4,4,5,7,7,6,1,6,5,3,6,6,4,5,5,7,5,7,7,4,7,5,7,5,4,6,4,4,6,5,6,5,5,5,5,7,4,5,6,5,7,7,5,6,6,4,6,5,4,4,6,5,2,5,7
376,1,2,2,1,4,69,13,5,5,3,2,6,4,3,6,7,6,6,4,6,5,6,2,4,4,4,4,2,6,3,6,5,3,4,3,3,4,3,5,4,6,5,5,4,5,6,4,4,3,5,5,6,7,4,5,3,6,5,4,3,5,5,6,4,6,5,4,3,3,5,3,5,3,5,4,4,4,5,4,5,6,4,3,6,5,7,4,4,5,6,3,6,5,3,5,5,5,4,3,4,3,3,5,4,3,4,5,4,5,4,6,5,5,6,4,6,3,4,3,4,3
377,2,2,2,2,4,97,13,6,5,2,5,5,5,6,5,3,6,5,4,5,5,5,5,5,5,5,6,2,4,4,5,6,6,5,5,6,6,4,5,3,5,2,5,6,6,6,6,7,5,5,6,6,5,7,6,5,7,7,7,4,2,7,5,7,7,5,5,6,6,1,4,7,6,5,6,5,7,6,3,4,5,5,5,5,5,1,4,3,4,5,5,5,6,6,6,5,5,6,7,6,5,7,5,5,6,5,4,5,5,5,6,6,5,5,5,5,6,5,7,7,5
378,1,2,2,2,4,75,13,3,4,2,4,3,2,2,2,4,5,4,4,2,2,2,3,4,2,5,4,2,3,3,2,5,4,3,4,5,4,4,4,4,2,3,4,3,4,4,3,3,4,3,3,4,4,3,4,5,5,4,4,3,3,5,3,2,2,4,4,2,4,3,4,4,1,3,4,3,2,2,4,3,4,5,3,4,4,3,5,5,3,4,3,2,4,4,2,4,2,2,6,5,4,2,4,4,7,2,4,4,4,4,3,3,4,3,3,3,3,4,3,2,3
379,2,2,2,2,4,93,13,5,5,5,5,5,4,7,7,7,4,6,4,4,4,4,4,4,5,4,4,4,4,5,4,5,4,5,4,4,4,4,4,5,4,5,4,5,6,7,7,5,7,7,6,7,5,5,5,4,7,5,4,4,4,5,4,4,7,6,6,7,5,4,4,5,7,7,7,4,5,4,4,6,7,4,4,4,4,4,4,4,4,4,4,4,4,4,4,4,4,4,5,4,5,4,4,4,4,4,4,5,4,4,4,4,4,4,4,4,4,4,5,5,4
380,2,2,2,1,4,71,13,1,1,1,1,1,1,1,1,1,1,1,1,1,3,1,3,4,1,7,4,5,7,3,1,4,7,7,7,7,7,7,7,1,4,7,1,1,4,1,1,1,1,1,1,1,1,1,1,1,1,3,1,1,1,1,1,1,1,7,1,1,7,1,2,2,1,1,1,1,4,2,1,3,1,6,1,1,1,6,5,1,1,1,1,1,1,1,1,1,1,1,6,1,1,1,1,1,1,1,4,4,1,1,1,1,1,1,1,1,1,1,1,1,1
381,1,2,2,2,4,87,13,5,6,5,6,6,6,6,6,4,5,6,6,6,6,6,7,5,6,4,5,6,6,5,2,7,5,6,5,7,7,4,6,5,6,4,6,6,6,5,5,5,5,4,4,6,6,5,6,6,7,6,4,4,5,6,4,6,5,5,6,7,5,3,5,6,6,6,6,5,6,6,6,6,5,6,6,7,6,5,6,6,6,6,7,7,7,5,6,5,6,6,6,5,5,6,6,5,6,6,4,6,4,7,4,5,6,6,6,5,7,5,6,6,3
382,2,2,2,2,4,76,13,4,4,4,5,5,4,4,4,4,5,4,5,4,4,4,4,4,3,3,5,5,3,3,4,5,3,3,4,4,3,5,4,4,5,3,3,4,4,5,4,5,3,3,4,4,3,3,5,5,3,5,5,5,3,4,4,5,4,6,4,3,4,5,4,4,3,5,5,4,4,5,4,6,3,6,3,4,5,5,5,4,3,5,5,4,5,5,3,4,4,4,4,4,4,4,4,4,5,4,4,4,3,4,4,5,4,5,4,5,4,4,3,4,3
383,1,2,2,2,4,78,13,5,7,5,7,7,5,5,5,5,5,7,5,5,6,6,5,7,7,6,7,2,6,5,5,5,6,2,6,7,5,6,6,6,5,6,5,6,6,5,6,5,6,6,5,3,7,6,6,6,5,6,6,7,5,5,6,7,6,6,6,6,6,5,6,5,7,6,5,6,5,6,6,7,6,7,5,5,5,5,5,6,7,5,7,7,5,4,7,7,7,5,6,6,7,6,6,5,5,6,6,6,6,7,5,4,7,6,7,5,6,6,5,5,7
384,2,2,2,2,4,76,13,7,7,5,6,6,5,7,7,7,4,7,6,4,5,6,5,6,5,2,6,4,3,5,4,7,5,6,6,7,7,3,3,4,3,2,2,6,7,7,7,6,6,7,5,5,5,4,5,5,6,7,2,2,2,6,5,7,7,7,6,7,5,3,4,5,5,6,6,6,6,5,5,7,4,3,2,2,3,4,6,1,1,2,5,4,4,1,2,5,4,3,5,5,4,6,5,5,4,3,3,3,3,4,3,4,5,4,4,5,3,5,5,6,5
